	G001805855	G000315095	G000242455	G000346315	G001828415	G001956985	G001825655	G001873045	G000165715	G001830285	G001464525	G001806055	G001804005	G000346505	G001707835	G001804205	G001824685	G000338295	G001828445	G001824635	G000304635	G001997385	G001824605	G001805845	G000153105	G001873945	G001642875	G001825635	G001642915	G001805775	G001805895	G000949635	G001999965	G001804165	G001871815	G001778315	G001806075	G001803975	G001730085	G000186345	G001872105	G001027925	G000171775	G001610895	G001805365	G001871865	G001828265	G001874025	G001804305	G001804125	G000284115	G001642955	G001828635	G000181475	G001805375	G000025185	G000195185	G001804445	G001303695	G001302825	G000255655	G000092105	G001828535	G001804045	G001303465	G001805765	G001872775	G001603075	G000330745	G001804105	G001304275	G001830315	G001828545	G001805805	G000255705	G001828645	G001804055	G001723765	G001804155	G001804395	G001825715	G001805575	G001804255	G000296795	G001824645	G001828345	G001804225	G001805605	G001804065	G001825665	G001805565
G001805855	0.0	206.65717	225.39545	258.8856	201.64517	227.46997	211.92708	141.69316	234.26125	211.79063	234.8427	126.09809	178.47519	259.82214	226.23293	164.67902	246.20604	260.32642	208.59547	229.58629	259.3889	229.24118	205.29579	127.62843	223.62593	189.71231	260.38028	212.14738	242.68695	129.90773	134.28273	203.3666	229.00897	156.21996	144.97537	206.29816	128.27155	142.20436	198.2083	226.23648	176.53311	252.98236	233.22246	225.21457	149.73375	193.94925	230.73947	167.06702	147.12396	143.83736	246.07785	255.38611	207.22932	235.24413	78.8986	227.8806	254.97893	123.61623	211.16385	202.28032	215.93178	227.48654	208.3606	155.68246	238.81743	125.80537	141.46729	236.17477	257.6452	179.41484	240.43732	206.09193	206.34944	141.55301	219.41261	209.18588	165.52539	210.45268	178.35698	59.266567	209.50633	131.56651	148.35663	216.2353	223.61331	242.86598	180.27757	129.30273	149.82407	223.9061	49.676956
G000315095	206.65717	0.0	178.48431	219.8516	111.39575	186.3949	54.684128	182.79723	178.65463	54.754665	189.30942	173.67703	192.73921	206.06221	186.30016	192.89578	201.88646	216.75461	157.3699	185.2065	213.15889	205.17996	84.429085	187.75566	186.17496	185.96667	210.45985	57.177193	208.2382	188.0869	196.2964	47.739296	192.82527	203.52733	189.52005	191.9852	191.15187	188.69022	205.06143	185.36354	190.68445	216.97974	191.8811	182.94676	190.07103	196.69939	185.45819	177.18582	188.63615	182.47342	209.85039	218.67674	54.193302	190.36368	208.37921	186.46716	216.56966	188.75948	177.19398	137.42966	184.49481	193.25122	54.93323	188.762	202.39714	192.10342	177.3133	192.11728	212.15149	205.61969	207.89256	54.56814	105.61997	189.34076	187.33179	55.490967	193.81013	86.10898	171.06656	216.91931	186.17593	197.22319	189.12938	54.412697	200.68567	188.2822	204.18684	187.30075	188.67577	174.25346	204.7245
G000242455	225.39545	178.48431	0.0	164.2775	178.35077	49.602966	184.7994	200.8261	132.6642	177.68387	141.63507	202.8624	204.319	162.37424	138.32243	197.85243	184.07768	166.19109	181.78098	177.47554	165.23897	192.70966	179.817	199.92635	139.91788	193.10194	161.44406	190.75383	159.1323	198.46834	212.67383	175.05444	183.41751	200.57228	196.22287	205.61562	194.08347	198.00024	217.9026	74.94194	205.20103	157.06776	126.04956	53.826027	201.41255	207.84271	130.76044	197.7767	202.33302	194.49324	202.7158	160.32515	184.31586	137.52394	204.87141	134.34082	169.54346	198.9717	168.4372	171.12836	131.3092	143.55743	180.26366	219.21732	184.98749	204.67383	193.36806	197.27853	162.96547	208.97852	186.10385	185.3712	177.46672	185.74516	121.80099	182.6762	196.67986	166.54291	201.32248	217.07207	176.8558	203.80933	201.04077	180.32993	182.95068	182.84158	204.61931	198.81706	201.15022	178.55238	230.10052
G000346315	258.8856	219.8516	164.2775	0.0	214.22589	167.548	226.15309	236.2707	155.71718	219.78851	123.88393	241.93495	249.39374	37.814327	157.37993	234.57358	229.62216	3.7527773	219.39366	222.36234	5.160276	233.55823	219.71172	241.76591	112.32821	223.33543	108.39508	230.34642	65.55375	241.98047	251.45486	218.79378	225.39832	243.17648	237.07224	234.64769	231.346	233.9726	254.12543	173.42351	249.5945	9.107223	173.96155	174.20058	238.70807	254.9856	129.4438	239.74026	235.76225	232.89369	232.81062	62.31626	224.11824	160.15164	247.89151	112.203575	5.1027303	231.06142	210.62921	207.9446	151.15364	155.86343	223.23972	260.01685	230.57167	239.69685	237.9454	224.58551	5.3569283	247.15904	225.0716	227.78519	214.3283	231.35225	173.18951	224.01152	235.76198	214.32098	243.9751	253.38522	223.27245	243.3717	237.7539	221.25964	221.30898	225.68086	245.89868	242.91377	235.65862	222.26222	259.3849
G001828415	201.64517	111.39575	178.35077	214.22589	0.0	178.2345	112.90112	184.84666	184.14278	110.48576	185.52962	186.27995	195.33737	213.1785	186.09686	184.11774	204.72704	211.56976	155.83617	188.33223	212.64114	199.26076	106.297035	188.20433	185.40393	180.12834	204.7926	114.07414	200.17639	188.02002	199.3185	106.334145	191.39761	192.12915	189.21812	189.72615	182.83195	184.7861	202.85863	182.0934	197.14749	211.15656	185.03362	181.7507	188.1558	197.03099	188.52478	190.0924	187.05934	185.31851	203.39342	212.59932	109.096504	181.6477	198.7865	186.37636	214.67865	183.23056	172.70375	138.13959	180.98416	186.06017	108.72147	200.26646	192.90463	186.1027	182.84001	191.0215	210.20663	198.5034	190.3628	113.7001	6.329698	180.15746	185.37238	112.0963	184.79875	102.304924	194.44826	193.15625	187.37894	187.55711	187.96292	110.85031	188.95068	191.17827	198.31392	187.51517	188.45064	189.01845	207.7277
G001956985	227.46997	186.3949	49.602966	167.548	178.2345	0.0	185.20346	199.14163	143.87292	183.26773	140.17822	203.58913	202.50374	167.59055	142.31856	197.18828	219.17456	166.41943	189.6399	179.03966	169.08261	189.64291	176.0662	207.3609	137.54202	186.9835	155.55466	187.28848	154.85721	205.84789	215.28113	180.02432	181.38596	203.62347	197.53676	202.31642	197.60724	198.00026	218.23138	77.27117	204.882	167.81033	126.80275	28.014256	202.94565	214.22957	139.83914	200.60349	203.52873	195.22614	198.53955	164.80394	180.39635	141.61969	216.69812	141.27951	170.59854	201.3406	176.88023	175.8508	133.43797	140.01228	180.75397	221.63425	189.60983	195.44873	196.92947	173.68393	167.08514	210.00858	186.39444	185.24274	178.9962	191.66399	126.46212	186.45909	195.7491	170.57988	202.26448	210.07771	182.84947	204.23318	201.41693	186.17253	183.23686	181.52234	209.75645	207.12892	201.72557	185.88272	221.91632
G001825655	211.92708	54.684128	184.7994	226.15309	112.90112	185.20346	0.0	186.48264	191.33015	41.033825	199.32446	194.78355	196.20703	222.07246	188.29517	188.92256	219.80466	222.58481	155.15009	193.92989	218.90187	207.50676	98.59104	192.92964	192.44412	187.34625	210.74834	6.7518716	205.06944	193.52254	202.11327	34.398872	195.86948	197.10146	193.81549	193.9192	189.30656	183.6982	203.2009	189.42317	199.99377	223.87668	194.16008	191.3729	197.92194	203.92624	186.148	197.01141	195.2521	193.71176	216.3793	218.75769	32.564857	194.4327	209.13231	192.41049	220.89545	186.48575	179.6379	140.85396	184.83339	189.67558	32.839043	206.99982	198.11606	191.4133	189.50774	198.56909	218.11552	204.91774	200.92244	5.3245325	111.02004	188.1023	193.27289	34.70461	192.61093	86.24342	195.368	211.235	190.713	194.44557	194.14905	38.292236	193.85002	202.57114	206.83864	192.60728	196.53801	189.53064	216.94243
G001873045	141.69316	182.79723	200.8261	236.2707	184.84666	199.14163	186.48264	0.0	207.89818	188.56128	204.80354	126.424866	160.04703	235.62082	210.35333	146.80646	229.10518	233.38829	192.26611	204.47244	234.9165	219.19743	190.1598	128.38544	210.44173	168.21986	226.6683	189.04149	222.97807	129.9978	139.04689	183.34682	208.80225	118.45821	114.29069	176.77306	123.215195	111.5488	183.8546	205.60675	147.65096	238.9345	207.77332	206.9155	119.090576	174.58932	206.25095	136.9874	116.57953	134.67448	223.76566	234.60422	192.76486	203.06741	138.2844	213.08447	231.33397	121.9904	191.97351	181.55078	200.47203	205.6533	192.18181	129.61421	214.79471	124.502495	112.875	211.17516	229.79076	162.48894	210.90346	189.81268	183.07741	107.17264	203.93147	199.58263	145.8332	184.23811	148.04152	140.08835	219.90808	126.358864	116.055	179.66719	202.53015	218.1253	160.31184	126.59059	117.30683	206.72162	146.16618
G000165715	234.26125	178.65463	132.6642	155.71718	184.14278	143.87292	191.33015	207.89818	0.0	182.40417	129.30637	208.98543	212.44069	154.7185	96.21884	203.72122	200.18268	154.78445	189.0167	199.58266	158.39224	197.30399	191.76492	211.2854	128.24422	203.58083	141.49306	187.72154	135.01143	211.32614	220.13388	194.58496	194.34702	218.54163	206.33977	213.09103	203.606	204.63727	218.90521	145.38683	223.47731	157.93861	147.59517	146.92427	207.34319	220.23245	137.70216	216.46466	207.0364	209.66475	204.04984	163.64449	192.22867	82.55291	212.98943	128.62944	158.71272	206.15591	179.29	180.82457	85.49325	92.84891	190.16565	225.66058	195.35005	211.21696	206.7061	191.71762	154.2771	217.08598	196.52916	188.54161	186.37064	201.38716	143.64522	188.07896	202.2107	180.93767	208.19017	230.10951	196.77141	212.90083	207.62848	191.57037	186.24582	188.84027	212.586	213.06963	210.04398	199.37917	230.36464
G001830285	211.79063	54.754665	177.68387	219.78851	110.48576	183.26773	41.033825	188.56128	182.40417	0.0	185.31322	197.9219	196.30309	223.00276	194.2945	192.55275	201.71242	215.60883	162.3635	196.06126	217.75652	202.37677	93.19683	193.1527	199.45914	185.52008	221.12941	46.277927	206.07573	196.97018	210.80042	41.792927	192.35216	195.73912	186.59724	191.12973	189.02086	181.74045	217.0607	186.64502	198.02628	213.7196	196.00017	193.11485	195.56937	209.00798	198.54576	197.20674	197.20064	180.37695	214.98322	219.83955	42.895725	184.0788	214.27109	191.49002	220.34506	184.65381	173.21205	142.6515	182.57443	198.38126	43.962746	215.97284	206.00145	189.93333	180.70325	196.54793	216.68375	208.32617	206.54955	42.56197	108.92813	173.70303	197.10953	46.287136	195.41959	84.09661	191.96579	203.7841	186.06233	202.62746	196.77731	42.787243	205.84473	200.89449	206.25539	195.22763	197.06006	171.8985	206.07755
G001464525	234.8427	189.30942	141.63507	123.88393	185.52962	140.17822	199.32446	204.80354	129.30637	185.31322	0.0	206.06804	213.94061	122.53223	129.18333	204.91833	201.09418	124.176476	186.80304	189.32195	124.66864	203.74661	190.206	214.19295	92.77871	203.74303	114.35952	203.91357	106.72618	213.56097	215.70744	190.14911	190.63402	203.61038	210.65395	207.39342	204.90668	207.95193	223.67752	141.5194	221.69847	121.7031	144.69348	142.86147	208.47812	224.13948	104.958534	213.45493	210.88356	198.96283	205.15944	121.577576	184.7434	128.55864	230.0203	94.03219	123.56758	206.90515	178.9243	185.75592	121.672104	128.12581	188.32224	239.53479	198.19392	210.85141	200.31262	194.84941	120.58669	224.48537	193.85002	201.7035	187.57054	208.81052	145.27103	187.8362	205.26791	187.07132	216.59158	218.05418	195.41388	207.3779	209.61823	190.88475	195.21542	194.9398	219.21048	214.67612	210.34547	185.06137	229.03333
G001806055	126.09809	173.67703	202.8624	241.93495	186.27995	203.58913	194.78355	126.424866	208.98543	197.9219	206.06804	0.0	160.8541	223.06184	210.86432	147.8617	229.00577	241.11848	189.46045	198.75574	243.52185	222.26192	196.4183	50.318104	221.70901	170.00443	225.38858	192.54953	222.03867	50.593296	103.13659	190.55278	216.929	140.76485	126.61059	188.8587	49.848293	127.71447	186.38391	203.26572	146.89807	243.45166	208.57716	205.09752	128.7435	177.24023	207.57143	142.30142	127.26404	139.84167	228.35103	229.61656	189.36748	206.23016	125.095406	209.05403	241.86957	52.263325	212.44627	186.96408	200.08179	207.4111	193.74495	139.6161	222.42815	89.33069	121.88981	212.32994	239.59874	163.79663	210.47462	194.77647	189.0329	114.688866	208.96307	193.29047	146.17036	188.59076	161.16396	120.538734	214.00005	50.15175	127.74346	184.56827	208.55664	217.36955	164.43178	49.692917	130.50873	213.25108	130.64816
G001804005	178.47519	192.73921	204.319	249.39374	195.33737	202.50374	196.20703	160.04703	212.44069	196.30309	213.94061	160.8541	0.0	255.6088	215.83266	110.84479	227.75116	245.8291	207.62848	213.3462	241.87827	225.47585	203.47737	160.00685	219.01042	179.57303	234.46547	203.97331	223.0515	167.13727	168.74908	175.94244	212.14894	163.86919	162.08347	191.14731	158.25409	150.17079	186.04352	214.22577	161.17798	240.79582	211.80016	210.87659	158.57866	183.23769	203.91968	165.53963	157.60965	145.88052	233.92235	250.76166	200.58449	212.19975	175.16524	216.37212	248.44937	154.6888	205.79309	190.28392	204.64668	215.5075	210.25555	163.91273	235.41983	154.82747	158.5961	231.81503	243.00998	124.70647	207.18018	203.71706	197.8755	147.46631	209.70174	211.32597	107.23607	195.70605	112.53603	164.32968	232.14322	163.86713	159.98927	208.75226	222.41148	215.29132	123.212166	158.36307	161.7089	217.79584	179.22696
G000346505	259.82214	206.06221	162.37424	37.814327	213.1785	167.59055	222.07246	235.62082	154.7185	223.00276	122.53223	223.06184	255.6088	0.0	154.98647	246.97198	243.81508	35.93143	214.32613	217.36533	37.44406	223.11691	209.34439	240.75746	114.90045	233.93123	118.86235	223.95848	64.09329	240.41385	251.4221	218.95383	219.35484	237.39879	239.00278	245.79169	241.0221	237.21222	253.22072	169.26549	239.49	37.061035	169.20581	173.86307	245.89905	244.96384	128.922	229.28204	240.3299	226.66562	234.93837	58.46426	217.49698	155.91429	250.76465	110.96066	36.07085	239.58926	196.77742	211.83957	145.558	155.33578	220.51917	250.27278	218.30144	236.23376	228.60721	217.4569	36.995827	242.16516	231.52827	224.40262	209.96988	217.94385	174.3588	218.61957	248.26997	205.38329	227.86545	242.76195	224.69524	239.67763	243.44136	219.32318	223.62102	215.987	243.38959	240.46107	241.20213	221.15045	266.8489
G001707835	226.23293	186.30016	138.32243	157.37993	186.09686	142.31856	188.29517	210.35333	96.21884	194.2945	129.18333	210.86432	215.83266	154.98647	0.0	207.03374	208.72687	161.49782	191.22029	188.51364	155.05988	205.45412	179.66017	209.94313	132.2393	201.47	144.71323	190.34244	145.1771	210.15205	225.57492	186.66809	194.5798	208.69577	205.94939	211.50934	207.12871	206.2805	222.67345	143.03125	223.62486	155.95789	148.35362	146.02663	214.78383	218.1582	125.96385	204.64537	210.96196	197.18718	208.99034	157.968	188.66937	91.82055	222.29843	127.94897	154.13022	205.67406	178.66795	180.55095	62.811447	3.3000875	187.1518	221.17859	195.07994	210.80103	203.23776	199.1542	152.04588	220.25609	209.53712	189.49304	181.71306	202.3104	146.33905	192.70386	206.81802	181.64835	211.5148	224.22054	188.3788	210.07861	211.15207	186.24692	193.00192	189.34554	220.32483	209.45717	213.83006	194.45467	228.33627
G001804205	164.67902	192.89578	197.85243	234.57358	184.11774	197.18828	188.92256	146.80646	203.72122	192.55275	204.91833	147.8617	110.84479	246.97198	207.03374	0.0	231.11143	234.45508	192.4708	204.03374	233.13762	216.48329	183.02924	151.8972	204.63565	171.92741	226.17523	191.06296	219.8423	154.02261	161.29898	182.11911	219.27301	152.24054	151.55399	175.84041	149.56267	150.13216	183.46075	199.93552	152.63689	236.35558	202.2191	199.07224	151.11043	173.84067	200.53676	145.6491	150.87064	141.98068	223.82123	232.23187	184.03612	203.36156	156.39876	211.02925	233.63815	147.50534	195.32855	180.09097	200.17496	200.78728	189.211	166.45139	214.88489	153.30174	142.46304	208.01494	228.14447	62.113235	209.01973	187.14345	184.32251	141.62523	202.63718	188.53564	2.0731049	179.73412	73.824936	166.29028	211.77448	150.57121	153.30054	187.82336	209.09409	224.1844	61.01113	153.18222	153.26695	200.90114	172.48116
G001824685	246.20604	201.88646	184.07768	229.62216	204.72704	219.17456	219.80466	229.10518	200.18268	201.71242	201.09418	229.00577	227.75116	243.81508	208.72687	231.11143	0.0	225.0113	202.08517	101.703125	231.996	133.38295	209.56694	230.93735	214.382	223.72252	228.73703	220.41846	227.94539	232.55406	233.20634	209.52254	122.52228	241.44118	224.86447	239.39595	229.16547	220.92747	244.79102	203.83717	245.95384	220.6739	205.81123	207.38481	225.77286	242.05966	196.57095	223.58049	228.28384	209.9724	194.2869	243.05022	207.89685	203.57913	240.7612	210.19124	232.63763	226.15277	152.84972	205.1904	199.60992	208.88773	216.02733	249.45473	81.5314	232.20049	226.14578	59.011112	223.93373	241.69514	86.92677	217.13329	201.7545	217.82545	207.46698	214.9007	226.35823	201.55864	229.78084	240.32986	110.28992	235.98643	234.96553	205.37396	80.075356	82.77101	236.3145	229.2613	227.30237	96.74649	237.41858
G000338295	260.32642	216.75461	166.19109	3.7527773	211.56976	166.41943	222.58481	233.38829	154.78445	215.60883	124.176476	241.11848	245.8291	35.93143	161.49782	234.45508	225.0113	0.0	220.9509	218.35043	4.987175	229.73586	215.41281	240.2097	112.0651	229.98607	115.0876	223.741	65.90278	241.62051	244.53853	214.553	218.21242	242.6606	233.27014	239.14354	233.65181	229.76646	256.86517	172.95924	245.95576	8.768142	173.80687	172.75366	241.20305	250.70454	136.66359	237.65904	236.89256	230.53856	232.57928	58.768364	219.85194	157.33322	250.55348	112.76335	4.5608835	232.69821	211.11266	212.70517	155.66925	158.26532	222.8044	260.1396	221.66122	236.72435	238.11816	218.68007	4.454913	249.5883	218.65536	223.99648	212.1084	228.78496	172.11787	220.04593	235.40411	211.1409	241.58347	253.22852	226.65126	239.21567	240.1442	219.14368	214.46576	221.16762	248.12483	242.32681	238.16505	219.25618	259.7882
G001828445	208.59547	157.3699	181.78098	219.39366	155.83617	189.6399	155.15009	192.26611	189.0167	162.3635	186.80304	189.46045	207.62848	214.32613	191.22029	192.4708	202.08517	220.9509	0.0	191.12843	216.72884	196.78488	157.49544	195.77414	192.11493	179.31445	210.24799	155.22513	208.62242	194.0983	206.77159	158.3941	192.91876	184.46883	189.96956	189.12755	187.52057	190.95143	211.7702	189.12598	194.80016	215.79413	196.19771	187.35802	190.54112	204.4739	191.67886	192.07372	197.10286	190.48778	212.44919	220.59206	155.6484	188.45952	211.9478	191.57309	218.93382	196.20578	176.94481	153.02277	180.16946	191.57819	160.35991	200.04178	225.39104	190.41824	187.19096	199.07982	212.5135	207.49724	184.21364	160.4738	154.18365	184.406	188.90424	162.99706	192.50012	145.28836	188.43457	210.26643	190.9847	190.16252	197.63652	162.17374	196.52934	208.40523	199.49426	196.51707	199.68428	192.00533	210.59457
G001824635	229.58629	185.2065	177.47554	222.36234	188.33223	179.03966	193.92989	204.47244	199.58266	196.06126	189.32195	198.75574	213.3462	217.36533	188.51364	204.03374	101.703125	218.35043	191.12843	0.0	220.51555	114.66535	196.19281	213.1987	188.98344	204.85213	204.26286	190.6926	193.3025	212.72717	229.12006	191.10008	102.496124	232.8798	202.3365	210.0738	212.18784	201.83646	231.91182	183.93282	225.0966	219.66957	184.66716	182.56711	207.91618	229.85654	201.85793	207.0296	206.85896	206.58578	182.7464	203.82819	186.82202	198.87138	205.9227	190.77718	223.71646	212.0506	122.50199	179.07622	178.05666	180.2315	188.62875	230.73573	99.969025	208.3789	210.39113	92.48235	215.31975	222.54906	98.57349	190.65721	184.37325	200.49034	187.54004	189.25407	203.60507	184.13698	219.52448	237.87592	100.01282	211.97725	207.76218	193.8082	98.01622	98.21685	220.87659	210.70982	207.23633	88.977684	224.61353
G000304635	259.3889	213.15889	165.23897	5.160276	212.64114	169.08261	218.90187	234.9165	158.39224	217.75652	124.66864	243.52185	241.87827	37.44406	155.05988	233.13762	231.996	4.987175	216.72884	220.51555	0.0	235.22862	217.18602	240.0227	114.50406	231.98007	119.956635	220.42546	64.965546	241.51244	252.8354	208.476	222.74507	242.84906	239.52844	238.31326	235.4993	234.35591	259.0132	168.53407	247.45789	8.841592	172.90202	170.57492	238.1758	250.28407	134.27246	239.8088	234.12357	233.13487	233.76503	61.002205	220.93663	156.8588	246.88516	113.51514	2.47212	234.03696	204.22942	211.81125	152.29248	153.11884	221.27748	251.58699	226.21559	239.28358	233.49054	222.05876	2.5306551	249.4692	216.18048	221.91232	213.3497	234.37567	173.62859	220.68129	233.56003	215.20912	241.36168	256.7239	223.95805	241.34048	235.66371	219.24095	216.785	224.10362	248.00984	242.40787	235.78685	221.35506	261.14355
G001997385	229.24118	205.17996	192.70966	233.55823	199.26076	189.64291	207.50676	219.19743	197.30399	202.37677	203.74661	222.26192	225.47585	223.11691	205.45412	216.48329	133.38295	229.73586	196.78488	114.66535	235.22862	0.0	193.90369	225.43428	206.85219	218.14005	222.01349	206.55682	217.13513	222.47757	229.03406	198.97772	71.10964	232.2198	211.4894	228.65736	219.70032	210.09056	233.22572	199.10184	232.61702	228.0468	199.03824	200.30316	220.7104	235.81313	205.82881	225.15486	220.43112	212.95528	198.98706	228.33575	198.67877	199.48047	233.13304	199.8692	235.85428	220.69308	139.57332	190.24908	201.4629	199.2169	201.10744	240.34612	121.963486	226.68887	221.85721	114.62855	231.86952	236.85843	121.03305	207.57184	198.44461	218.18723	201.56961	202.51506	215.36024	197.9189	228.96776	233.04204	112.69547	219.06346	225.48169	193.04848	117.87537	122.13587	237.36847	223.10144	219.58134	111.400764	252.3621
G001824605	205.29579	84.429085	179.817	219.71172	106.297035	176.0662	98.59104	190.1598	191.76492	93.19683	190.206	196.4183	203.47737	209.34439	179.66017	183.02924	209.56694	215.41281	157.49544	196.19281	217.18602	193.90369	0.0	193.69345	183.8904	184.38185	197.87106	98.42805	192.23938	190.3195	195.6496	85.783394	182.58002	190.05385	184.56503	186.45535	181.5184	191.20998	221.31554	182.2275	207.32314	211.1708	182.60902	179.26558	189.56761	203.30104	190.42429	199.02432	190.6538	164.52837	207.44157	207.71967	88.02706	179.2928	203.322	187.79408	218.32281	185.0686	180.16122	138.85526	182.03325	183.45958	90.41495	199.93451	187.21086	186.79132	173.05482	188.55925	215.00262	202.3049	191.83025	88.24822	110.04574	183.72717	177.84756	98.47468	185.40239	34.712536	196.38963	192.88548	198.27948	189.65865	192.96565	97.44075	187.55121	185.79161	200.63988	194.16252	187.72812	189.76987	210.15991
G001805845	127.62843	187.75566	199.92635	241.76591	188.20433	207.3609	192.92964	128.38544	211.2854	193.1527	214.19295	50.318104	160.00685	240.75746	209.94313	151.8972	230.93735	240.2097	195.77414	213.1987	240.0227	225.43428	193.69345	0.0	213.39572	171.6335	236.50026	196.82088	226.17816	2.98283	102.551994	190.37181	215.01672	132.16032	132.18822	181.93628	54.07422	126.04076	189.42291	210.01855	154.52989	241.30917	209.90175	210.65988	132.12975	178.21259	217.10492	146.3073	131.04863	138.78848	234.26265	241.98654	191.08145	211.90143	121.59438	217.55217	240.31943	51.51295	200.40495	186.46185	208.87251	211.7435	192.25221	147.73811	222.40813	90.9914	126.87385	219.47876	238.05118	167.43735	219.30759	195.00908	188.21886	124.179726	212.53008	197.35457	150.9409	188.36844	156.78947	126.78545	215.0402	18.966158	131.48882	193.03401	216.99626	217.11243	166.33429	3.3247137	131.4491	210.21599	130.86305
G000153105	223.62593	186.17496	139.91788	112.32821	185.40393	137.54202	192.44412	210.44173	128.24422	199.45914	92.77871	221.70901	219.01042	114.90045	132.2393	204.63565	214.382	112.0651	192.11493	188.98344	114.50406	206.85219	183.8904	213.39572	0.0	204.09218	105.47113	195.21942	100.4363	212.70003	226.08575	187.2112	194.21175	221.30019	206.44044	216.5507	208.14882	204.52682	228.29976	144.81245	215.49557	120.92114	151.58484	147.57416	215.34225	221.89156	107.13777	207.22809	213.63864	203.61833	206.14287	113.71649	199.75006	125.919334	220.95674	72.212425	113.69632	206.28629	175.01735	182.84726	122.779396	130.55063	194.11043	218.69815	190.58365	215.00038	209.31647	192.80856	112.893845	222.70021	205.68402	192.46233	186.98448	195.86661	148.24854	197.86612	205.46959	183.49539	213.24768	228.60638	190.44933	203.08376	211.9561	186.45764	193.84242	202.60114	221.72346	212.12837	212.98085	192.88495	227.15149
G001873945	189.71231	185.96667	193.10194	223.33543	180.12834	186.9835	187.34625	168.21986	203.58083	185.52008	203.74303	170.00443	179.57303	233.93123	201.47	171.92741	223.72252	229.98607	179.31445	204.85213	231.98007	218.14005	184.38185	171.6335	204.09218	0.0	221.75565	192.49825	211.01485	172.17026	181.20335	175.84949	208.7923	179.98335	169.01443	179.70787	168.8017	166.41853	188.74783	196.06593	175.52402	229.49954	198.85646	203.41246	170.36447	181.75063	203.1546	172.95763	173.85663	164.80527	220.52267	234.10226	190.59813	201.61502	182.75119	207.04749	232.40889	167.48894	187.72629	177.6061	195.0628	200.81609	185.52284	186.35545	208.56807	172.40842	166.98526	206.29527	229.21571	183.38173	211.56702	183.47421	178.17337	163.7506	199.72897	186.56705	170.011	175.35603	169.82423	184.10635	195.1467	175.92902	172.8889	182.60876	209.46338	213.21973	182.59752	169.00269	171.13698	205.97961	196.05261
G001642875	260.38028	210.45985	161.44406	108.39508	204.7926	155.55466	210.74834	226.6683	141.49306	221.12941	114.35952	225.38858	234.46547	118.86235	144.71323	226.17523	228.73703	115.0876	210.24799	204.26286	119.956635	222.01349	197.87106	236.50026	105.47113	221.75565	0.0	219.60423	104.63088	229.9706	241.46252	208.15369	218.49037	234.70665	228.45238	233.54529	220.69781	221.48201	246.23636	157.70306	225.17645	123.28431	167.17194	161.86713	235.70982	240.1946	120.8788	232.11385	235.252	219.68398	224.34616	115.60076	205.86865	143.17912	254.90404	103.96608	120.62586	225.46681	211.16246	205.29659	141.73033	146.61433	203.62494	245.61247	221.95798	232.18376	224.31685	209.08815	116.95947	237.01576	210.69327	211.5384	202.91312	218.01662	165.35457	212.47485	224.17741	201.12697	237.00992	238.64995	202.14877	227.69049	234.71373	207.3812	225.27217	203.98306	239.77907	233.1681	233.50635	202.08011	230.58493
G001825635	212.14738	57.177193	190.75383	230.34642	114.07414	187.28848	6.7518716	189.04149	187.72154	46.277927	203.91357	192.54953	203.97331	223.95848	190.34244	191.06296	220.41846	223.741	155.22513	190.6926	220.42546	206.55682	98.42805	196.82088	195.21942	192.49825	219.60423	0.0	208.17421	197.83998	202.88919	36.965652	194.05708	202.78949	194.95584	204.26976	192.2117	186.4701	215.2408	192.74641	197.16287	226.99771	195.597	192.0203	195.38618	202.8391	193.57486	196.2312	192.24028	190.71155	218.60204	220.3333	34.382687	194.08163	206.8439	198.90019	222.72127	187.94829	182.11539	146.336	191.62459	188.5506	35.741024	208.82521	197.17522	191.9443	193.7376	195.21332	220.00754	207.16031	195.12584	6.718327	113.42424	194.01428	195.15851	35.700993	193.2174	91.478615	204.46832	215.43652	197.2309	193.05472	191.58214	40.50561	184.94165	205.46292	208.72153	197.7071	194.2159	198.06471	216.71701
G001642915	242.68695	208.2382	159.1323	65.55375	200.17639	154.85721	205.06944	222.97807	135.01143	206.07573	106.72618	222.03867	223.0515	64.09329	145.1771	219.8423	227.94539	65.90278	208.62242	193.3025	64.965546	217.13513	192.23938	226.17816	100.4363	211.01485	104.63088	208.17421	0.0	224.7209	243.73807	205.59657	206.6732	228.47717	225.46419	234.41133	223.42807	224.03995	239.94382	154.36485	236.63527	61.88719	160.44678	156.57045	228.87762	236.46884	111.99715	213.93811	225.1571	213.23708	219.08023	64.00734	205.60785	141.63927	229.99078	100.324036	67.46326	224.87802	188.70447	196.51535	140.56107	142.71025	204.49557	230.69162	219.12018	220.80449	218.94536	202.88614	68.20782	239.13208	206.36673	206.0944	198.30742	217.26956	162.78474	209.41176	220.34274	191.635	230.72128	235.30331	203.65181	230.32529	225.32864	209.27608	208.73575	206.47069	239.36742	225.22333	227.27402	204.0679	242.48412
G001805775	129.90773	188.0869	198.46834	241.98047	188.02002	205.84789	193.52254	129.9978	211.32614	196.97018	213.56097	50.593296	167.13727	240.41385	210.15205	154.02261	232.55406	241.62051	194.0983	212.72717	241.51244	222.47757	190.3195	2.98283	212.70003	172.17026	229.9706	197.83998	224.7209	0.0	105.56576	192.64828	215.8812	131.55956	129.80763	182.79083	52.73836	124.83873	189.64406	208.90045	150.3813	241.98381	211.18843	210.03879	131.85811	179.74043	215.46288	143.95677	131.80504	137.45085	232.9379	240.92178	192.15004	214.06947	122.588264	214.56892	241.5935	51.884922	200.11272	185.43475	209.54716	212.22873	190.88028	141.68579	220.21097	93.36056	126.49563	216.94997	239.54019	167.11302	218.15503	195.12187	187.61214	125.12149	211.92484	197.23558	153.19374	183.84224	159.18729	126.797676	210.1849	19.024061	131.24626	193.24486	213.59229	214.86339	166.3046	3.1371593	130.39772	210.65689	130.18956
G001805895	134.28273	196.2964	212.67383	251.45486	199.3185	215.28113	202.11327	139.04689	220.13388	210.80042	215.70744	103.13659	168.74908	251.4221	225.57492	161.29898	233.20634	244.53853	206.77159	229.12006	252.8354	229.03406	195.6496	102.551994	226.08575	181.20335	241.46252	202.88919	243.73807	105.56576	0.0	203.77924	229.61198	143.79605	138.70605	195.19347	95.15303	136.05058	198.57072	216.44135	156.8547	246.92647	223.15096	216.48843	141.06232	189.309	214.20877	152.31535	136.2138	148.87314	239.28415	235.82918	201.52171	213.50008	131.06448	223.17775	249.3725	97.59889	198.34341	197.42722	224.8372	224.05434	207.13156	155.60777	219.16586	65.0149	136.4767	234.6542	249.25601	173.04105	239.08223	201.18619	198.14967	127.36041	221.3237	204.26947	160.27798	196.1554	159.9224	143.48735	220.82356	100.03207	143.48479	205.9342	227.18452	226.0599	174.6017	102.09423	140.13211	224.68352	138.61139
G000949635	203.3666	47.739296	175.05444	218.79378	106.334145	180.02432	34.398872	183.34682	194.58496	41.792927	190.14911	190.55278	175.94244	218.95383	186.66809	182.11911	209.52254	214.553	158.3941	191.10008	208.476	198.97772	85.783394	190.37181	187.2112	175.84949	208.15369	36.965652	205.59657	192.64828	203.77924	0.0	192.3833	189.05844	193.8694	189.43344	193.20288	183.67775	205.11661	184.99242	189.75742	211.28618	185.67537	183.39597	196.05739	200.79694	189.16307	191.76929	195.26686	190.05296	209.41841	213.64919	32.766407	174.32674	189.78508	182.11902	209.97035	186.08478	175.5134	136.35863	181.29411	188.45886	35.636925	188.42558	191.82544	191.36577	175.67554	189.97246	205.70035	203.42195	175.68575	37.349213	109.305786	180.21706	189.93001	38.02202	187.26549	86.81387	199.187	199.49571	192.10678	185.80579	193.39851	28.12932	195.78702	196.032	203.36061	191.01155	195.08365	183.83026	202.10986
G001999965	229.00897	192.82527	183.41751	225.39832	191.39761	181.38596	195.86948	208.80225	194.34702	192.35216	190.63402	216.929	212.14894	219.35484	194.5798	219.27301	122.52228	218.21242	192.91876	102.496124	222.74507	71.10964	182.58002	215.01672	194.21175	208.7923	218.49037	194.05708	206.6732	215.8812	229.61198	192.3833	0.0	216.47687	215.87228	214.9268	206.02374	213.60696	227.31026	192.9075	217.60397	225.87643	194.4677	194.83714	214.875	226.43555	196.66162	222.05998	214.81992	214.14276	187.77908	223.13995	198.97159	188.78198	226.70576	203.90587	225.90169	209.31992	133.56819	195.50758	200.47205	190.36537	198.2783	231.92848	112.03839	216.71768	203.25726	112.34426	220.93239	222.32626	118.0052	195.63461	188.10065	226.06372	195.92393	202.71347	215.97261	194.38507	222.94484	219.05875	107.11809	217.08891	217.10965	194.71849	111.04627	114.48332	220.71736	213.76431	215.85481	106.17338	237.9677
G001804165	156.21996	203.52733	200.57228	243.17648	192.12915	203.62347	197.10146	118.45821	218.54163	195.73912	203.61038	140.76485	163.86919	237.39879	208.69577	152.24054	241.44118	242.6606	184.46883	232.8798	242.84906	232.2198	190.05385	132.16032	221.30019	179.98335	234.70665	202.78949	228.47717	131.55956	143.79605	189.05844	216.47687	0.0	107.48767	205.01814	129.87418	106.28203	189.43712	210.29047	148.82904	244.2337	211.62985	209.56544	54.474113	175.39352	216.75781	140.98517	52.812515	144.79724	229.79599	246.47745	186.23537	210.59933	143.53683	219.64262	243.34471	128.05428	201.90329	181.47276	206.68768	211.4621	196.54309	93.69305	222.15717	129.34944	99.69279	217.94525	241.3235	164.42969	212.7316	202.64656	194.38608	105.39898	212.32602	190.76456	149.636	184.88818	159.8931	134.02016	216.20656	130.75322	54.935844	194.11601	224.27345	209.80373	165.8823	131.9813	52.30797	201.00124	163.58112
G001871815	144.97537	189.52005	196.22287	237.07224	189.21812	197.53676	193.81549	114.29069	206.33977	186.59724	210.65395	126.61059	162.08347	239.00278	205.94939	151.55399	224.86447	233.27014	189.96956	202.3365	239.52844	211.4894	184.56503	132.18822	206.44044	169.01443	228.45238	194.95584	225.46419	129.80763	138.70605	193.8694	215.87228	107.48767	0.0	187.00343	125.60565	15.87727	186.91615	204.42769	156.67949	233.03587	205.22168	202.85672	109.6511	175.04236	216.44487	139.07358	105.69973	133.27043	225.38754	238.50659	193.00595	210.73271	140.00235	211.9722	240.19582	123.434784	193.9262	186.12177	204.35396	206.08635	194.68651	113.699326	219.37772	126.865944	99.078384	214.60606	236.9278	161.05824	222.135	192.00795	182.86588	106.235435	206.9799	188.27983	146.53528	179.5237	157.95554	143.23196	215.27817	131.0158	109.45436	189.7696	209.85983	203.48895	161.98695	133.49538	106.2155	207.37234	146.61197
G001778315	206.29816	191.9852	205.61562	234.64769	189.72615	202.31642	193.9192	176.77306	213.09103	191.12973	207.39342	188.8587	191.14731	245.79169	211.50934	175.84041	239.39595	239.14354	189.12755	210.0738	238.31326	228.65736	186.45535	181.93628	216.5507	179.70787	233.54529	204.26976	234.41133	182.79083	195.19347	189.43344	214.9268	205.01814	187.00343	0.0	177.78502	173.35466	195.40321	205.50056	190.67084	236.74292	212.11346	208.63258	176.25821	190.54062	209.50739	188.28847	183.56992	171.75261	229.78479	245.77562	196.91907	207.22063	179.78383	217.26787	241.85118	183.0258	200.15402	184.9083	202.2313	214.38255	193.43907	185.78023	218.4469	182.65945	178.892	218.65942	237.32867	192.70296	223.60085	197.01038	190.56294	169.2843	211.67819	198.508	181.24576	191.24724	182.40048	188.09727	201.84242	182.48636	178.22273	193.75766	215.44292	217.65091	191.51353	183.43411	182.58711	218.44069	208.88976
G001806075	128.27155	191.15187	194.08347	231.346	182.83195	197.60724	189.30656	123.215195	203.606	189.02086	204.90668	49.848293	158.25409	241.0221	207.12871	149.56267	229.16547	233.65181	187.52057	212.18784	235.4993	219.70032	181.5184	54.07422	208.14882	168.8017	220.69781	192.2117	223.42807	52.73836	95.15303	193.20288	206.02374	129.87418	125.60565	177.78502	0.0	123.03227	186.80057	199.66943	147.41516	237.96523	205.40335	203.8078	125.7101	172.87524	205.52756	137.05244	126.49256	133.37103	224.83972	236.48451	190.77272	205.32391	117.58244	210.8084	235.60725	9.425835	189.32018	176.5806	197.4133	205.84341	190.38463	136.16927	224.1229	85.20784	123.46765	214.00618	234.11449	164.53902	214.17453	193.00876	182.35278	121.07338	204.66237	195.11122	146.9836	175.9535	148.39824	112.58205	206.30833	51.11638	125.26339	188.0367	207.71445	210.52173	163.55446	52.42362	127.359726	206.38689	128.45786
G001803975	142.20436	188.69022	198.00024	233.9726	184.7861	198.00026	183.6982	111.5488	204.63727	181.74045	207.95193	127.71447	150.17079	237.21222	206.2805	150.13216	220.92747	229.76646	190.95143	201.83646	234.35591	210.09056	191.20998	126.04076	204.52682	166.41853	221.48201	186.4701	224.03995	124.83873	136.05058	183.67775	213.60696	106.28203	15.87727	173.35466	123.03227	0.0	181.74495	200.01746	142.66292	228.30135	202.43929	201.05457	104.98772	171.33554	204.31786	135.5437	100.15337	132.69691	223.00279	237.96268	193.71541	199.33298	138.53021	208.32802	236.21582	121.49662	190.51611	179.3918	199.81409	206.45752	191.46796	113.90516	207.40446	125.49924	96.91404	206.87122	232.42151	159.48914	215.52217	184.02611	181.05635	101.90181	204.79185	183.60936	147.01056	183.1959	154.41765	135.28606	210.4689	122.12143	103.75055	186.82372	206.0202	207.0111	161.1007	127.253845	101.362625	194.9309	144.0772
G001730085	198.2083	205.06143	217.9026	254.12543	202.85863	218.23138	203.2009	183.8546	218.90521	217.0607	223.67752	186.38391	186.04352	253.22072	222.67345	183.46075	244.79102	256.86517	211.7702	231.91182	259.0132	233.22572	221.31554	189.42291	228.29976	188.74783	246.23636	215.2408	239.94382	189.64406	198.57072	205.11661	227.31026	189.43712	186.91615	195.40321	186.80057	181.74495	0.0	221.56982	194.1383	252.9811	224.60243	219.31924	187.69327	197.47878	230.2687	181.06969	187.5097	186.30655	247.68015	250.42235	208.15666	224.46713	203.64574	228.33598	254.81717	179.66034	211.37128	202.25204	220.10425	220.0869	210.47289	195.03136	235.42508	186.19699	177.43993	229.27185	252.90692	196.49971	231.11514	209.87619	205.41661	179.53328	223.25377	213.56287	187.59695	180.99501	192.93773	201.17867	216.89877	191.46608	189.03578	210.10663	239.32619	236.59425	199.54536	187.58536	189.03098	220.0405	203.1867
G000186345	226.23648	185.36354	74.94194	173.42351	182.0934	77.27117	189.42317	205.60675	145.38683	186.64502	141.5194	203.26572	214.22577	169.26549	143.03125	199.93552	203.83717	172.95924	189.12598	183.93282	168.53407	199.10184	182.2275	210.01855	144.81245	196.06593	157.70306	192.74641	154.36485	208.90045	216.44135	184.99242	192.9075	210.29047	204.42769	205.50056	199.66943	200.01746	221.56982	0.0	210.51694	161.82332	129.74379	82.63616	204.84293	216.09235	145.30746	201.5314	206.78947	203.33276	198.08876	171.17686	189.39264	141.93625	228.32045	144.57494	172.61053	202.4372	169.86075	180.49976	138.01318	143.18054	192.49335	212.04274	187.73944	205.9948	201.90074	187.86032	166.66708	211.28128	189.2825	188.00192	183.81429	199.29033	127.89894	192.27632	197.39023	176.96269	209.48679	215.38087	186.71573	206.29231	206.6945	189.43759	187.52434	196.6767	211.71765	208.6759	207.09297	184.01897	220.63423
G001872105	176.53311	190.68445	205.20103	249.5945	197.14749	204.882	199.99377	147.65096	223.47731	198.02628	221.69847	146.89807	161.17798	239.49	223.62486	152.63689	245.95384	245.95576	194.80016	225.0966	247.45789	232.61702	207.32314	154.52989	215.49557	175.52402	225.17645	197.16287	236.63527	150.3813	156.8547	189.75742	217.60397	148.82904	156.67949	190.67084	147.41516	142.66292	194.1383	210.51694	0.0	246.86934	212.03786	213.44754	149.81795	180.72902	216.05884	47.942257	150.57635	61.045452	240.64253	244.32138	212.0468	203.64075	158.85303	221.16304	247.05275	146.49712	196.91837	192.53052	212.2593	223.2805	203.78566	165.43402	216.67552	147.88702	137.8841	220.86607	244.60298	170.48924	219.35129	197.60083	190.40016	143.94965	211.79002	197.6686	155.56476	194.69077	169.36581	157.01842	210.7727	148.89583	148.60912	200.76701	224.19229	244.48926	163.55148	152.95027	148.72264	217.86963	162.58588
G001027925	252.98236	216.97974	157.06776	9.107223	211.15656	167.81033	223.87668	238.9345	157.93861	213.7196	121.7031	243.45166	240.79582	37.061035	155.95789	236.35558	220.6739	8.768142	215.79413	219.66957	8.841592	228.0468	211.1708	241.30917	120.92114	229.49954	123.28431	226.99771	61.88719	241.98381	246.92647	211.28618	225.87643	244.2337	233.03587	236.74292	237.96523	228.30135	252.9811	161.82332	246.86934	0.0	173.49895	168.06076	242.08589	248.29002	132.6463	238.07903	238.73503	224.5888	233.4329	59.150177	218.73877	150.27286	250.07663	114.363495	8.316071	236.85713	204.73654	212.12268	144.11943	155.83824	221.63924	250.86859	227.8715	237.67056	231.5738	222.98058	8.52739	251.16353	222.76804	224.23227	212.49515	230.74162	172.89124	218.66585	238.1634	210.73947	246.41478	249.2872	223.59258	241.30537	241.7272	223.50642	220.38483	230.70958	249.14264	242.39754	239.88976	219.55865	259.3417
G000171775	233.22246	191.8811	126.04956	173.96155	185.03362	126.80275	194.16008	207.77332	147.59517	196.00017	144.69348	208.57716	211.80016	169.20581	148.35362	202.2191	205.81123	173.80687	196.19771	184.66716	172.90202	199.03824	182.60902	209.90175	151.58484	198.85646	167.17194	195.597	160.44678	211.18843	223.15096	185.67537	194.4677	211.62985	205.22168	212.11346	205.40335	202.43929	224.60243	129.74379	212.03786	173.49895	0.0	133.68472	211.56091	221.17773	147.45306	210.72926	206.68904	203.94629	200.8804	171.96088	191.35925	142.53195	217.65645	145.95071	175.64088	204.89796	176.8878	182.29718	139.03258	147.92729	191.99359	219.75616	194.72417	207.97736	205.3875	188.50995	171.3526	218.70909	188.93097	193.35498	186.46024	200.2922	66.48397	194.61626	203.39545	182.15001	209.3965	223.10606	185.2884	211.5544	208.82932	191.39432	189.31941	191.95918	212.03633	210.21347	210.23581	184.65973	225.8623
