	G000298555	G001796065	G000270385	G000508065	G001401485	G001796285	G001794895	G001618265	G001625515	G000471025	G000687415	G000024145	G000700905	G000298455	G000493885	G000415685	G000008725	G000687395	G000204175	G000270405	G000700865	G001545115	G000068585	G001007065	G001464115	G000756735	G001736045	G001007125	G000417845	G000298375	G000508025	G001007085	G000338695	G000829755	G001499655	G000174995	G000270425	G000007205	G001466415	G001796095	G001007145	G001794865	G002007725	G000317995	G001714575	G000253035	G000516655	G001401475	G000007605	G001714565	G001796105	G000751535	G000091085	G000211155	G000298515	G001007025	G001714585	G000009945	G000470805	G000204135	G000011565	G000700845	G000191925	G000583875	G000298415	G001007105	G000700925	G000417695	G000008745	G001401455	G000470765	G000011165	G001796275	G000813665	G000092785	G000415565	G001796185	G000298435	G001796255	G001736055	G001794935	G000750955	G000298495	G001625535	G000830965	G001794905	G001796175	G000237205	G000470825	G001897225	G000270445	G001796235	G001563055	G000508005	G000454725
G000298555	0.0	172.15837	0.52436614	45.032482	0.7753884	161.61378	161.64638	155.81024	45.010426	28.361635	0.5443183	41.744534	52.795597	0.5308426	56.000374	0.488284	50.976242	0.54103065	0.5651897	0.513602	52.7981	151.4923	50.394817	43.484764	146.21974	160.99257	0.4994812	43.265877	3.0036643	0.5626707	45.737698	43.495903	0.6370606	151.78232	160.4813	53.791748	0.51797795	42.946472	45.217766	166.749	43.572186	161.53171	28.390202	0.7762876	0.50268596	164.77805	41.22252	0.0031799916	12.314902	0.49716905	166.35634	161.96732	42.897236	0.48023838	0.4500593	43.579647	0.5176356	12.970995	44.656208	45.274124	163.70636	52.7981	0.54632175	27.094591	0.7870227	43.571777	52.798378	33.89823	43.529495	0.83377135	44.85962	43.08182	160.19374	158.81474	153.2518	0.4962112	168.97841	0.7747874	161.55217	0.49180108	147.9494	156.46857	1.0600026	44.276005	52.82644	161.06143	159.41154	163.5016	44.738125	155.85439	0.5115203	161.61864	0.48826683	45.848785	33.900265
G001796065	172.15837	0.0	174.58263	178.48375	173.28804	121.14454	121.16001	132.17503	175.38385	174.7602	174.83604	174.54163	170.13202	174.62126	161.92245	173.80888	172.48108	174.74257	175.5094	174.4122	170.15057	141.47075	171.38196	176.16843	82.81617	133.7958	174.01068	176.2875	168.17955	176.06717	178.9391	176.15273	178.27815	138.96793	139.11609	171.1393	174.48477	176.24625	178.71591	2.6494727	176.11395	121.17876	174.58778	174.11876	174.13554	151.34543	175.29971	171.91313	180.0145	173.99704	2.0418499	137.95602	176.26797	174.04938	175.4726	176.13245	173.79749	181.23022	178.74918	178.46594	136.98784	170.15057	174.96709	181.29639	174.53691	176.1205	170.15057	177.41823	176.21344	172.58153	177.55939	175.37418	1.5351244	134.94748	131.92671	174.16766	1.2992461	174.43336	121.19094	174.06833	104.07089	130.03897	175.46011	175.74051	170.1412	161.18718	2.2120416	128.36325	177.71173	138.80832	174.29778	121.21248	173.93631	178.05319	177.35739
G000270385	0.52436614	174.58263	0.0	45.95315	0.74407274	162.29977	162.3312	159.00134	45.904472	30.372915	0.03510034	43.246086	54.38547	0.5088115	56.792652	0.026813421	52.246887	0.05008753	0.031939108	0.013619539	54.386333	154.76996	51.675304	45.052837	147.8206	164.13106	0.01492194	44.777794	2.651415	0.0660926	46.63173	45.064617	0.5638092	154.61035	163.46117	55.403442	0.014373581	44.496635	46.127953	169.07301	45.14299	162.2167	30.40929	0.62724984	0.014983725	168.3431	42.729397	0.5257486	13.456656	0.018888917	168.79094	164.92595	44.416668	0.016126549	0.2136037	45.1505	0.021293893	14.160803	45.594532	46.19384	168.19817	54.386333	0.03622556	29.742886	0.61694247	45.142178	54.386597	36.389782	45.096115	0.8721216	45.630394	44.57304	162.60815	161.77017	156.3769	0.020237878	171.44339	0.6678369	162.23674	0.020438021	149.62477	158.024	1.424505	45.219513	54.414997	163.13017	161.78946	166.23686	45.655598	158.84163	0.015454799	162.30368	0.019047717	46.724476	36.39345
G000508065	45.032482	178.48375	45.95315	0.0	45.474487	162.53714	162.61511	162.85	0.5418308	47.928673	45.687218	37.46952	59.326225	44.725655	56.915485	45.514362	59.043125	45.718662	45.88052	45.856644	59.34591	172.06656	59.11422	37.758293	158.40698	182.49438	45.614613	37.65295	39.467743	46.290627	0.1936148	37.787067	46.254025	169.49129	181.3825	59.99798	45.927555	37.57312	0.19739261	168.29852	37.840973	162.45654	47.57965	45.986763	45.651447	171.43385	37.327995	44.97077	43.28233	45.599045	173.48305	182.58528	37.53271	45.625187	45.571514	37.84861	45.737835	43.765	0.17843522	0.1743012	183.20743	59.34591	45.726772	52.10896	45.659157	37.837257	59.346252	52.124878	37.801044	44.993736	0.57941467	37.337616	166.72926	155.94548	160.66364	45.655056	176.15738	46.00035	162.44824	45.568203	176.52457	166.35176	44.843315	0.51486474	59.34826	192.5368	167.20363	160.35565	0.13898481	166.58049	45.84242	162.5304	45.55641	0.22468047	52.11386
G001401485	0.7753884	173.28804	0.74407274	45.474487	0.0	163.90364	163.93884	158.60002	45.34643	29.213991	0.7274697	42.194252	53.568268	0.49712542	56.35442	0.68908954	51.327564	0.71363014	0.73441845	0.7433218	53.57557	156.77306	50.787495	43.860355	147.46222	165.13441	0.7064827	43.607113	3.179097	0.7787607	46.2031	43.87384	0.71862984	157.97855	165.93047	54.62582	0.75485307	43.30599	45.614883	168.11858	43.94313	163.82005	29.25975	0.06615242	0.7067217	169.43239	41.68415	0.7707306	13.182263	0.6948401	167.73705	167.3444	43.249832	0.6765164	0.510994	43.951534	0.71693414	13.47682	45.173492	45.66447	168.70692	53.57557	0.73004067	28.35547	0.8680644	43.944054	53.575653	34.804337	43.900356	0.03812392	45.147293	43.454563	161.57603	163.77632	156.08182	0.6961663	170.2574	0.035313327	163.84526	0.71006674	149.83844	160.57613	1.6326582	44.59679	53.59816	159.81985	160.70805	166.01753	45.253635	159.78674	0.7376348	163.91008	0.68549097	46.378845	34.805367
G001796285	161.61378	121.14454	162.29977	162.53714	163.90364	0.0	0.00070495467	138.4977	159.70367	167.5429	162.39525	160.69847	150.83694	165.16125	130.7033	160.97765	158.69872	162.10092	163.63574	161.76083	150.82152	152.21628	158.53642	161.39766	97.71825	130.46938	161.63614	161.03711	149.16891	164.10991	162.00285	161.39066	169.75534	96.97823	118.69679	151.7959	161.81567	161.01167	163.25243	102.81295	161.41562	0.00086534274	167.64774	164.72957	161.80852	104.75369	162.09944	161.23886	184.06699	161.41196	117.92368	116.31272	160.95973	161.68835	163.9608	161.4002	161.18091	169.18796	162.95302	162.97823	156.42436	150.82152	162.58295	186.39644	162.33858	161.40063	150.8206	155.37126	161.41106	163.39375	161.43135	159.70493	104.868805	124.62773	136.41705	161.59155	107.66695	165.06264	0.00088340155	161.50757	54.3562	126.2433	168.65428	160.5102	150.77617	141.79167	99.92557	85.81138	161.04431	94.07018	161.54532	0.0007279786	161.2944	160.84691	155.29282
G001794895	161.64638	121.16001	162.3312	162.61511	163.93884	0.00070495467	0.0	138.46597	159.77792	167.59741	162.42664	160.7493	150.87712	165.1921	130.75586	161.00911	158.74817	162.13217	163.66664	161.79195	150.8615	152.16151	158.58656	161.44989	97.690834	130.47844	161.66757	161.0892	149.20445	164.13884	162.08084	161.44315	169.78479	96.924385	118.631226	151.83632	161.84683	161.06378	163.33192	102.82309	161.46799	0.0010611392	167.70158	164.7646	161.83978	104.69828	162.1497	161.27188	184.0989	161.4433	117.931946	116.24767	161.01173	161.72008	163.99106	161.45253	161.2122	169.2285	163.03159	163.05753	156.38004	150.8615	162.61426	186.45197	162.37027	161.45303	150.86058	155.4461	161.4637	163.42989	161.50583	159.75627	104.87807	124.61834	136.38652	161.62253	107.675156	165.09688	0.0011409651	161.53867	54.325714	126.21352	168.6908	160.5833	150.81602	141.81964	99.93312	85.76375	161.12248	94.04233	161.57661	0.0010026062	161.32585	160.92532	155.36752
G001618265	155.81024	132.17503	159.00134	162.85	158.60002	138.4977	138.46597	0.0	160.7077	165.36462	159.17378	166.04805	147.30716	157.86093	133.28726	158.0913	152.3183	158.9126	159.758	158.84901	147.34787	74.541756	151.27635	169.01701	92.07957	119.61209	158.25931	168.86923	152.71669	160.0827	163.0664	169.02701	163.5029	110.893105	69.844124	147.95126	158.97205	168.41612	164.5749	123.00003	169.02951	138.52159	165.1097	159.93352	158.36784	52.32683	165.86632	155.5648	153.81487	158.25873	124.53921	69.44131	168.52069	158.2908	160.00987	169.0505	158.11774	154.28969	164.05463	164.20549	70.34433	147.34787	159.25557	173.1559	159.32379	169.03674	147.34735	166.78058	169.07346	158.46089	162.29501	167.78328	117.02169	131.94543	0.24915971	158.44125	122.98442	160.00478	138.48866	158.20616	117.035065	107.029076	161.6325	160.16545	147.3412	120.16132	113.825195	75.063866	162.95447	106.57542	158.65884	138.5192	158.17857	162.2035	166.73022
G001625515	45.010426	175.38385	45.904472	0.5418308	45.34643	159.70367	159.77792	160.7077	0.0	46.807064	45.629124	37.891052	59.377686	44.652958	57.274036	45.443596	59.816647	45.66203	45.861507	45.787144	59.39642	170.59744	59.82604	38.270298	155.53601	179.36955	45.557545	38.177967	39.316666	46.245853	0.4417828	38.300995	46.240906	166.042	178.94724	60.049877	45.84959	38.078762	0.6108115	165.39732	38.354218	159.62405	46.43194	45.883003	45.598434	167.47472	37.775887	44.93783	43.86522	45.53327	170.52625	180.11533	38.06173	45.56082	45.535538	38.36239	45.671947	44.466755	0.64133346	0.58761954	180.03323	59.39642	45.671432	51.37132	45.63945	38.35062	59.396713	52.517975	38.31444	44.8492	0.15478976	37.85252	163.70148	153.26953	158.44406	45.5873	172.8868	45.89801	159.61804	45.517754	174.63112	164.32014	44.79866	0.16577457	59.393692	189.4906	164.07816	156.79898	0.5725745	162.76439	45.767525	159.69765	45.486153	0.46056747	52.5059
G000471025	28.361635	174.7602	30.372915	47.928673	29.213991	167.5429	167.59741	165.36462	46.807064	0.0	30.766644	52.60725	59.955387	29.521112	67.3098	30.11874	76.817375	30.717546	31.007843	30.393217	59.97031	148.6532	76.9252	53.344383	164.87968	127.9683	30.241241	53.109524	28.00232	31.37215	48.27473	53.358208	31.709171	148.89569	171.52805	60.59998	30.490608	52.528233	47.48929	171.61209	53.428947	167.48978	0.10388045	30.16656	30.315233	144.73204	52.452007	28.188955	30.321455	30.318546	171.67918	172.93184	52.777008	30.136171	30.890257	53.42337	30.334375	24.542408	47.821354	47.460476	139.9533	59.97031	30.841787	6.5067816	28.70111	53.424995	59.970848	29.00834	53.38842	29.008966	47.41143	52.733627	164.51875	148.0938	163.22003	30.407387	171.22597	30.100529	167.51028	30.310287	170.55783	169.32658	26.028986	46.48242	59.94369	145.27022	163.25354	180.73038	47.531265	132.1494	30.448767	167.56071	30.252419	47.939827	28.979593
G000687415	0.5443183	174.83604	0.03510034	45.687218	0.7274697	162.39525	162.42664	159.17378	45.629124	30.766644	0.0	43.072197	53.992195	0.5143978	56.430016	0.027409993	51.67198	0.0061495933	0.021665253	0.02269767	53.994045	155.65858	51.077713	44.865387	147.81654	165.41148	0.026969282	44.5962	2.527392	0.045431852	46.361885	44.8774	0.5421864	155.44193	164.01114	55.01294	0.026220687	44.321556	45.876575	169.32294	44.95506	162.31093	30.812708	0.5968041	0.025170418	168.93202	42.563087	0.54414886	13.609649	0.01892895	169.0839	165.45929	44.23741	0.027253525	0.17124142	44.962864	0.025129057	14.18982	45.33974	45.942684	169.13474	53.994045	0.0006497811	30.12131	0.63548833	44.954628	53.994255	36.29296	44.9077	0.8485459	45.353386	44.40661	162.87799	162.65001	156.56117	0.016898511	171.75266	0.6383053	162.33127	0.02527438	149.9868	158.93698	1.4657795	44.951775	54.022182	163.29413	162.07182	165.95749	45.406967	159.85646	0.02439948	162.3986	0.02005475	46.46873	36.297806
G000024145	41.744534	174.54163	43.246086	37.46952	42.194252	160.69847	160.7493	166.04805	37.891052	52.60725	43.072197	0.0	57.03918	42.06803	67.03538	42.824894	51.595936	43.018887	43.13953	43.005688	57.074844	170.15724	52.879707	0.604139	162.22594	179.20192	43.010223	0.6128956	38.223064	43.134007	38.933033	0.60783976	42.920868	154.85255	164.6265	57.787594	43.105175	0.5887129	37.185036	163.51505	0.61303544	160.63167	52.63106	42.36771	43.038643	171.77086	0.04633302	41.750324	42.57096	42.893528	168.79591	166.78856	0.6148777	42.96205	42.683926	0.6126399	43.04585	43.507286	37.544765	37.18954	167.84799	57.074844	43.07259	45.42116	41.905704	0.6130348	57.075047	44.80302	0.6133892	41.89385	37.76864	0.6209884	162.10692	167.20616	165.1	42.908855	171.28514	42.383224	160.62747	42.81142	162.73068	157.39006	41.276836	36.446648	57.093773	193.23407	162.69742	140.12149	37.093697	153.41266	43.09431	160.73053	42.875404	39.150677	44.805233
G000700905	52.795597	170.13202	54.38547	59.326225	53.568268	150.83694	150.87712	147.30716	59.377686	59.955387	53.992195	57.03918	0.0	53.61671	11.716186	53.51396	12.334942	53.8649	54.31746	54.044876	0.00042500903	150.86801	12.615055	59.34	164.76567	165.29395	53.793846	58.999626	50.11725	54.445065	59.930874	59.365387	55.594784	158.67053	164.12212	0.049659744	54.21086	59.097767	59.8167	159.36989	59.345024	150.7472	59.47265	54.51546	53.828484	156.63397	56.952644	52.706123	53.470356	53.722935	169.07559	163.70355	58.75216	53.684002	54.457905	59.367664	53.877148	42.976162	60.492825	59.491814	152.58148	0.00042500903	54.023495	58.648888	54.100536	59.350197	0.00042628517	49.64883	59.372433	53.362186	59.49748	58.888165	159.80139	175.18233	146.85155	53.757156	168.14426	54.32004	150.75327	53.652752	165.5865	161.34259	53.209915	58.77828	0.00088953297	197.53984	159.91801	156.00946	59.350266	172.05145	54.093136	150.84775	53.69711	60.368298	49.614162
G000298455	0.5308426	174.62126	0.5088115	44.725655	0.49712542	165.16125	165.1921	157.86093	44.652958	29.521112	0.5143978	42.06803	53.61671	0.0	56.407616	0.45522043	51.23594	0.50029844	0.49596527	0.50270855	53.622948	153.61003	50.641556	43.845287	147.9218	164.64919	0.475094	43.60007	3.0479712	0.47027138	45.45214	43.85741	0.3832216	155.34473	163.08765	54.679565	0.5043429	43.301376	44.915386	169.18817	43.93442	165.07805	29.510315	0.56957704	0.47237402	168.22789	41.509155	0.5417908	11.913962	0.45806673	168.70206	164.56082	43.230724	0.43941078	0.3361903	43.94217	0.487331	12.902068	44.38757	44.9772	166.95041	53.622948	0.51153976	28.298445	0.6120528	43.934433	53.623226	34.835983	43.88844	0.5476221	44.44926	43.44078	162.58084	161.41687	155.29794	0.4546733	171.46524	0.5211611	165.09894	0.4555147	150.229	158.85085	1.1409478	43.90514	53.64826	162.3866	161.84492	166.07018	44.496845	159.52023	0.4979207	165.16748	0.44605437	45.621525	34.84028
G000493885	56.000374	161.92245	56.792652	56.915485	56.35442	130.7033	130.75586	133.28726	57.274036	67.3098	56.430016	67.03538	11.716186	56.407616	0.0	55.948223	15.041135	56.29928	56.856777	56.535217	11.715464	137.55522	14.662869	68.52831	140.05016	159.81532	56.273148	68.07072	51.497707	57.32452	57.432762	68.54734	58.60113	158.60242	154.96767	11.951757	56.717537	68.222984	57.82857	151.40129	68.53943	130.59456	67.04745	57.466164	56.311523	150.73572	67.09824	55.842834	53.50036	56.195198	159.7617	154.00462	67.79646	56.114975	57.005917	68.56043	56.287716	41.422047	58.196545	57.492107	153.38512	11.715464	56.501778	74.47743	56.379795	68.54281	11.71518	58.661507	68.55581	56.08031	57.72774	67.73505	150.3286	159.97798	132.34271	56.287136	158.48837	57.28885	130.60802	56.22876	139.82584	147.87532	57.20913	57.463135	11.710286	164.98802	149.60281	159.6621	56.804993	168.7118	56.56069	130.69073	56.154205	57.762077	58.631336
G000415685	0.488284	173.80888	0.026813421	45.514362	0.68908954	160.97765	161.00911	158.0913	45.443596	30.11874	0.027409993	42.824894	53.51396	0.45522043	55.948223	0.0	51.509106	0.03219835	0.05153149	0.014277186	53.515408	154.09381	50.92686	44.62334	147.0146	163.37715	0.012567552	44.35603	2.4854212	0.06608396	46.188507	44.635185	0.5562683	153.79814	162.52682	54.534283	0.017342495	44.074413	45.689106	168.22922	44.712852	160.89525	30.160692	0.59452385	0.0135698505	167.26372	42.323074	0.48575702	13.413818	0.0069869882	168.07495	163.9639	43.995728	0.012324471	0.18893789	44.72039	0.012248286	13.860518	45.179268	45.752792	167.31184	53.515408	0.029511364	29.521677	0.5858709	44.71225	53.51566	35.753956	44.666294	0.8036169	45.18376	44.157944	161.81349	161.06949	155.47696	0.007521887	170.64954	0.63024384	160.91512	0.012783761	148.77533	157.47458	1.3912424	44.758533	53.54322	162.19212	160.98216	164.89134	45.229336	158.03398	0.013853138	160.98245	0.006181222	46.282555	35.757904
G000008725	50.976242	172.48108	52.246887	59.043125	51.327564	158.69872	158.74817	152.3183	59.816647	76.817375	51.67198	51.595936	12.334942	51.23594	15.041135	51.509106	0.0	51.607594	51.910236	51.93165	12.335405	159.11087	0.20795718	53.239937	149.8266	198.93703	51.848133	52.91969	47.214073	51.952385	60.0329	53.256966	51.872585	174.62677	164.00587	12.808416	52.03693	53.192616	59.581802	161.17365	53.222744	158.58954	76.173416	51.89496	51.85939	182.6864	51.348274	50.948887	53.83314	51.67188	169.49205	163.12787	52.707893	51.706516	51.683567	53.24819	51.84499	48.479336	59.939503	59.3082	177.77025	12.335405	51.681927	73.8298	52.46449	53.230892	12.33533	50.256195	53.258423	51.038677	60.015747	52.92786	161.55067	183.22005	152.18817	51.67355	171.36398	51.711536	158.59885	51.652485	165.33545	183.91368	52.917767	59.23696	12.344405	209.21976	162.30049	163.5842	59.027397	195.15497	51.966473	158.70396	51.643932	60.570103	50.254486
G000687395	0.54103065	174.74257	0.05008753	45.718662	0.71363014	162.10092	162.13217	158.9126	45.66203	30.717546	0.0061495933	43.018887	53.8649	0.50029844	56.29928	0.03219835	51.607594	0.0	0.031849407	0.034305584	53.86707	155.51701	51.015667	44.80963	147.65997	165.15428	0.03549658	44.54062	2.520361	0.05656473	46.399887	44.82158	0.5567863	155.23753	163.7995	54.889317	0.03992343	44.266727	45.91063	169.22054	44.89904	162.01663	30.76324	0.5911203	0.033519022	168.62305	42.516468	0.53788483	13.602657	0.024331389	168.98778	165.24364	44.181282	0.033210214	0.1741573	44.906956	0.028546134	14.104554	45.376396	45.97661	168.8963	53.86707	0.0070262956	30.071716	0.6285325	44.89879	53.86723	36.142506	44.85182	0.8340966	45.388832	44.351913	162.77472	162.51973	156.29828	0.022783482	171.63937	0.6326114	162.03696	0.031229936	149.72995	158.77066	1.4519926	44.981686	53.894985	162.93224	161.95709	165.67123	45.443775	159.61896	0.035740864	162.10449	0.025401535	46.506264	36.147354
G000204175	0.5651897	175.5094	0.031939108	45.88052	0.73441845	163.63574	163.66664	159.758	45.861507	31.007843	0.021665253	43.13953	54.31746	0.49596527	56.856777	0.05153149	51.910236	0.031849407	0.0	0.044014968	54.319324	155.93127	51.33521	44.935802	148.39172	166.10199	0.03679652	44.658512	2.6057987	0.04391333	46.57112	44.947784	0.5181439	156.00858	164.48201	55.344563	0.047003597	44.384075	46.0867	170.02922	45.025257	163.55086	31.039139	0.6013293	0.032896556	169.74062	42.612503	0.5716267	13.512111	0.037439007	169.69131	165.95807	44.29799	0.04112257	0.18348876	45.033237	0.04129476	14.240714	45.525646	46.152866	169.62492	54.319324	0.018393815	30.211973	0.65964204	45.02479	54.31951	36.39887	44.97775	0.8722835	45.575306	44.46823	163.55573	163.09769	157.15295	0.034865078	172.4339	0.63666177	163.57108	0.032542054	150.72485	159.49901	1.451695	45.164913	54.34792	164.22954	162.76025	166.81635	45.59982	160.51945	0.04740805	163.63892	0.03889651	46.690823	36.403595
G000270405	0.513602	174.4122	0.013619539	45.856644	0.7433218	161.76083	161.79195	158.84901	45.787144	30.393217	0.02269767	43.005688	54.044876	0.50270855	56.535217	0.014277186	51.93165	0.034305584	0.044014968	0.0	54.045723	154.754	51.350025	44.80017	147.67749	164.24489	0.014198984	44.533867	2.5843236	0.046797216	46.528385	44.81193	0.5490116	154.46643	163.20528	55.05922	0.0019962534	44.254482	46.028904	168.87401	44.889877	161.67755	30.440886	0.6200965	0.014520185	168.1185	42.498867	0.51471543	13.536837	0.008484094	168.67097	164.65332	44.175278	0.01390161	0.1877862	44.897453	0.015086377	14.1241255	45.50683	46.09508	168.1304	54.045723	0.0237041	29.77526	0.6012472	44.889153	54.04608	36.293232	44.84304	0.8624554	45.514496	44.3376	162.43181	161.8892	156.22928	0.007543904	171.28464	0.6612744	161.69765	0.015517511	149.3632	157.97464	1.4299424	45.1024	54.07426	162.88274	161.61798	165.5794	45.566517	158.8448	0.0025913254	161.76497	0.008573526	46.624027	36.297203
G000700865	52.7981	170.15057	54.386333	59.34591	53.57557	150.82152	150.8615	147.34787	59.39642	59.97031	53.994045	57.074844	0.00042500903	53.622948	11.715464	53.515408	12.335405	53.86707	54.319324	54.045723	0.0	150.86531	12.61381	59.37779	164.78433	165.3028	53.79514	59.037994	50.123795	54.44599	59.950275	59.403202	55.59758	158.66714	164.12871	0.049276114	54.211487	59.13633	59.83677	159.38301	59.3828	150.73169	59.488	54.5217	53.829853	156.65169	56.98906	52.70874	53.4736	53.724308	169.0936	163.70964	58.790207	53.685432	54.46106	59.40543	53.878487	42.981728	60.513527	59.511898	152.6052	0.0	54.025288	58.671814	54.105286	59.387947	0.0	49.669495	59.410267	53.369514	59.517334	58.926514	159.8159	175.1972	146.89029	53.758465	168.16084	54.326775	150.73782	53.653835	165.5648	161.33447	53.21586	58.800327	0.00079967873	197.58124	159.93506	156.03018	59.371044	172.07695	54.0939	150.83221	53.69856	60.38704	49.63478
G001545115	151.4923	141.47075	154.76996	172.06656	156.77306	152.21628	152.16151	74.541756	170.59744	148.6532	155.65858	170.15724	150.86801	153.61003	137.55522	154.09381	159.11087	155.51701	155.93127	154.754	150.86531	0.0	157.80388	172.12143	131.43462	87.429695	154.34811	171.93564	150.93982	155.74644	172.98743	172.1197	157.50504	61.747494	25.133625	152.2493	154.8138	171.46228	174.30194	132.3335	172.13945	152.21425	148.1099	158.17686	154.43393	69.02517	170.05508	151.28575	129.45222	154.322	134.09157	25.262728	171.6081	154.52539	155.96143	172.15564	154.0397	136.83937	173.03416	173.94391	47.455112	150.86531	155.71648	161.57082	153.79651	172.13705	150.86673	155.40935	172.19061	156.5021	172.8977	170.47064	124.97846	60.402077	73.54639	154.51564	132.17145	158.03369	152.17528	154.2932	134.01465	85.79231	151.93071	170.16103	150.88893	172.53387	124.14676	145.1485	172.08278	84.89667	154.5889	152.22029	154.27881	172.42839	155.37766
G000068585	50.394817	171.38196	51.675304	59.11422	50.787495	158.53642	158.58656	151.27635	59.82604	76.9252	51.077713	52.879707	12.615055	50.641556	14.662869	50.92686	0.20795718	51.015667	51.33521	51.350025	12.61381	157.80388	0.0	54.496006	148.4129	198.53456	51.26544	54.188885	46.696957	51.375687	60.04145	54.514088	51.233013	174.5395	163.2233	13.105333	51.452473	54.45513	59.63312	160.28987	54.480526	158.42407	76.30675	51.36251	51.275917	182.44402	52.63264	50.36333	53.316113	51.088562	168.39276	162.29926	53.96576	51.12488	51.057594	54.506554	51.26107	48.190033	59.95288	59.36588	177.31142	12.61381	51.089157	74.34557	51.94642	54.489017	12.613695	50.86705	54.516285	50.46551	60.027737	54.196136	160.46597	182.368	151.113	51.091045	170.30798	51.178295	158.434	51.07864	164.56561	183.36058	52.448353	59.29024	12.622787	208.25748	161.26996	164.07983	59.0835	195.50415	51.379993	158.53964	51.05971	60.583126	50.86574
G001007065	43.484764	176.16843	45.052837	37.758293	43.860355	161.39766	161.44989	169.01701	38.270298	53.344383	44.865387	0.604139	59.34	43.845287	68.52831	44.62334	53.239937	44.80963	44.935802	44.80017	59.37779	172.12143	54.496006	0.0	162.16278	181.86981	44.8171	0.03398902	39.3527	44.912376	39.167557	0.00022969335	44.56537	157.81514	166.73909	60.11637	44.899532	0.033596683	37.43571	165.36838	0.0009639547	161.32756	53.415077	44.001465	44.84489	174.37315	0.7237756	43.491524	44.336582	44.692245	170.59	168.85916	0.047350876	44.777657	44.369514	0.00090888445	44.839783	45.11233	37.81992	37.44524	170.65257	59.37779	44.86436	47.262512	43.667343	0.00094612956	59.377987	45.777622	0.00070306123	43.535587	38.224907	0.07046408	163.81369	168.77644	168.11047	44.704716	173.02711	44.020344	161.32321	44.61081	163.38441	160.88664	43.178726	36.9129	59.393627	192.5052	164.38745	142.45386	37.384357	155.94257	44.8898	161.42624	44.67061	39.375122	45.78126
G001464115	146.21974	82.81617	147.8206	158.40698	147.46222	97.71825	97.690834	92.07957	155.53601	164.87968	147.81654	162.22594	164.76567	147.9218	140.05016	147.0146	149.8266	147.65997	148.39172	147.67749	164.78433	131.43462	148.4129	162.16278	0.0	133.33133	147.49278	161.6151	137.40414	148.98096	158.60748	162.15578	151.66408	115.20836	98.10976	166.24446	147.70683	161.44742	159.5548	79.52595	162.14673	97.72464	164.37871	148.38953	147.59366	97.89148	162.6658	145.95845	159.90956	147.24702	74.75851	97.048225	161.28285	147.40775	148.24272	162.15791	146.9968	159.08914	158.53677	159.3384	116.31974	164.78433	147.92555	178.45517	149.56479	162.1506	164.78406	146.94312	162.17046	147.11557	157.78775	160.57878	71.99124	118.41967	91.764084	147.38414	75.089516	148.47711	97.69617	147.26723	78.47768	157.0059	153.64963	156.06906	164.78308	123.02159	68.58526	87.43248	157.7982	109.471664	147.53574	97.74136	147.11172	157.57391	146.94461
G000756735	160.99257	133.7958	164.13106	182.49438	165.13441	130.46938	130.47844	119.61209	179.36955	127.9683	165.41148	179.20192	165.29395	164.64919	159.81532	163.37715	198.93703	165.15428	166.10199	164.24489	165.3028	87.429695	198.53456	181.86981	133.33133	0.0	163.60217	181.36987	163.11284	167.24455	183.32964	181.86615	171.8547	59.577534	91.61213	165.93417	164.45056	180.66255	183.09052	127.34875	181.91034	130.54526	127.99605	167.00862	163.78273	58.343384	179.97302	160.48181	155.7981	163.75359	128.51785	93.69151	181.04654	163.54211	167.0933	181.91255	163.39192	150.03271	183.11365	182.84808	33.516586	165.3028	165.62373	138.71854	162.75725	181.90718	165.30247	153.64944	181.94637	164.6974	181.7042	179.79095	120.480194	68.196526	117.65273	164.08951	122.30918	167.37222	130.50543	163.71147	126.531815	70.37071	159.40019	179.22694	165.3199	153.57976	116.8825	138.3873	181.45412	41.418877	164.16467	130.50967	163.67694	181.65347	153.55742
G001736045	0.4994812	174.01068	0.01492194	45.614613	0.7064827	161.63614	161.66757	158.25931	45.557545	30.241241	0.026969282	43.010223	53.793846	0.475094	56.273148	0.012567552	51.848133	0.03549658	0.03679652	0.014198984	53.79514	154.34811	51.26544	44.8171	147.49278	163.60217	0.0	44.549522	2.5375965	0.0663878	46.28612	44.828964	0.56542194	154.2054	162.99481	54.80963	0.017609993	44.265606	45.79424	168.46214	44.907227	161.55344	30.278162	0.60837996	0.00051859074	167.63762	42.49901	0.4996965	13.411209	0.0067597553	168.26338	164.45462	44.188015	0.010722574	0.19795285	44.914818	0.011844664	13.955965	45.268192	45.859467	167.63638	53.79514	0.027992181	29.5929	0.59841204	44.90648	53.795433	36.112774	44.860725	0.82707036	45.287586	44.348217	162.03618	161.32074	155.64513	0.0088248355	170.87405	0.64420116	161.57344	0.009675019	149.2707	157.46713	1.4039689	44.86641	53.82362	162.71547	161.21455	165.4052	45.324585	158.36456	0.014042687	161.6406	0.0077514565	46.37853	36.116493
G001007125	43.265877	176.2875	44.777794	37.65295	43.607113	161.03711	161.0892	168.86923	38.177967	53.109524	44.5962	0.6128956	58.999626	43.60007	68.07072	44.35603	52.91969	44.54062	44.658512	44.533867	59.037994	171.93564	54.188885	0.03398902	161.6151	181.36987	44.549522	0.0	39.068626	44.650623	39.060593	0.034342494	44.340767	157.35138	166.38814	59.794544	44.63393	0.018677445	37.33343	165.46516	0.036330003	160.96649	53.15787	43.74986	44.57707	173.94504	0.7225578	43.269936	44.18728	44.423546	170.71063	168.50208	0.008446845	44.510418	44.123837	0.036641408	44.568832	44.861115	37.708763	37.34293	170.28899	59.037994	44.595695	47.046623	43.434505	0.03642669	59.03822	45.301647	0.031568892	43.285473	38.12754	0.023561977	163.89594	168.40555	167.96844	44.438046	173.10686	43.76841	160.96225	44.340298	163.29402	160.91812	42.971638	36.806404	59.053654	192.0989	164.45653	142.28697	37.276142	155.40039	44.62522	161.06519	44.402992	39.269604	45.305416
G000417845	3.0036643	168.17955	2.651415	39.467743	3.179097	149.16891	149.20445	152.71669	39.316666	28.00232	2.527392	38.223064	50.11725	3.0479712	51.497707	2.4854212	47.214073	2.520361	2.6057987	2.5843236	50.123795	150.93982	46.696957	39.3527	137.40414	163.11284	2.5375965	39.068626	0.0	2.6814287	39.9398	39.361668	3.2690554	149.28156	155.31448	51.18886	2.6012247	38.826904	39.574974	161.71263	39.43518	149.08049	27.965658	3.1897798	2.5455966	160.13786	37.795773	2.978478	17.39054	2.5153763	162.8162	156.38701	38.74901	2.5770938	2.8001914	39.44158	2.5306873	16.17672	39.199417	39.629963	165.25214	50.123795	2.530288	29.22509	3.489718	39.433167	50.12438	29.257935	39.38245	3.208253	39.28928	38.909626	156.00175	155.67863	150.51051	2.5244236	164.79944	3.1807544	149.10052	2.5064466	147.24774	163.36263	4.445403	38.822662	50.140797	157.10478	155.03938	155.24043	39.220924	152.58336	2.577355	149.17506	2.4982967	40.01906	29.27072
G000298375	0.5626707	176.06717	0.0660926	46.290627	0.7787607	164.10991	164.13884	160.0827	46.245853	31.37215	0.045431852	43.134007	54.445065	0.47027138	57.32452	0.06608396	51.952385	0.05656473	0.04391333	0.046797216	54.44599	155.74644	51.375687	44.912376	148.98096	167.24455	0.0663878	44.650623	2.6814287	0.0	46.97709	44.924015	0.4319723	156.1889	164.15694	55.47537	0.043352064	44.375183	46.500877	170.56696	45.00154	164.02483	31.41376	0.6249471	0.061697237	170.13542	42.60266	0.5776086	13.517676	0.05267636	170.26624	165.62344	44.293476	0.07068959	0.15534669	45.00948	0.061462477	14.3024	45.949924	46.56741	169.95769	54.44599	0.039233834	30.459904	0.65732217	45.000977	54.446285	36.679073	44.953392	0.9144264	45.956036	44.478508	164.05711	163.90369	157.4718	0.042028733	173.00716	0.65237004	164.04492	0.05261846	150.87323	159.90913	1.4539423	45.541718	54.47529	164.66656	163.29556	166.53899	46.03315	161.38438	0.04826971	164.1134	0.05403638	47.11232	36.68434
G000508025	45.737698	178.9391	46.63173	0.1936148	46.2031	162.00285	162.08084	163.0664	0.4417828	48.27473	46.361885	38.933033	59.930874	45.45214	57.432762	46.188507	60.0329	46.399887	46.57112	46.528385	59.950275	172.98743	60.04145	39.167557	158.60748	183.32964	46.28612	39.060593	39.9398	46.97709	0.0	39.196655	46.962395	170.26129	182.19197	60.59138	46.592796	38.98272	0.3369355	168.77911	39.252087	161.92049	47.900505	46.721626	46.325	171.31827	38.79912	45.67493	44.34937	46.27576	174.00034	183.3269	38.935825	46.303635	46.27101	39.25921	46.418453	44.876312	0.22460115	0.32135007	184.2464	59.950275	46.402718	52.96709	46.437824	39.248035	59.95071	53.18698	39.210064	45.718517	0.49709642	38.737827	167.21465	156.4401	160.81543	46.330933	176.59229	46.734646	161.91354	46.25182	177.17647	167.61607	45.703186	0.49070227	59.9507	192.63348	167.64937	160.4596	0.22653359	167.25246	46.510372	161.99489	46.230373	0.06807288	53.175774
G001007085	43.495903	176.15273	45.064617	37.787067	43.87384	161.39066	161.44315	169.02701	38.300995	53.358208	44.8774	0.60783976	59.365387	43.85741	68.54734	44.635185	53.256966	44.82158	44.947784	44.81193	59.403202	172.1197	54.514088	0.00022969335	162.15578	181.86615	44.828964	0.034342494	39.361668	44.924015	39.196655	0.0	44.57777	157.80974	166.7317	60.142185	44.911297	0.03443207	37.46453	165.35371	0.0008071457	161.32092	53.428474	44.01464	44.856728	174.37169	0.7282885	43.502728	44.352142	44.704094	170.57454	168.85208	0.04768376	44.789703	44.381565	0.00071486575	44.85165	45.120377	37.8485	37.474117	170.64835	59.403202	44.876343	47.27503	43.680187	0.0007617828	59.403366	45.785633	0.0006427047	43.549187	38.25784	0.07100862	163.79831	168.76988	168.1213	44.716602	173.01013	44.033455	161.3163	44.6225	163.37181	160.88116	43.192513	36.94373	59.418995	192.5042	164.37173	142.45369	37.41285	155.93785	44.9015	161.41928	44.682415	39.404392	45.789284
G000338695	0.6370606	178.27815	0.5638092	46.254025	0.71862984	169.75534	169.78479	163.5029	46.240906	31.709171	0.5421864	42.920868	55.594784	0.3832216	58.60113	0.5562683	51.872585	0.5567863	0.5181439	0.5490116	55.59758	157.50504	51.233013	44.56537	151.66408	171.8547	0.56542194	44.340767	3.2690554	0.4319723	46.962395	44.57777	0.0	160.61353	166.98738	56.672356	0.53588885	44.05522	46.43448	173.03755	44.65337	169.6684	31.741863	0.6499053	0.55846846	175.26045	42.34443	0.667232	12.6390085	0.54579926	172.31184	168.46071	43.977417	0.55091447	0.24537668	44.661457	0.57854724	14.144387	45.845722	46.504578	173.31378	55.59758	0.5339519	30.318935	0.714484	44.653065	55.598	36.790596	44.60651	0.76944375	46.00222	44.210934	166.34155	166.52794	160.87906	0.5305036	175.43095	0.6162579	169.69206	0.54724854	153.86841	164.1849	1.2753078	45.486496	55.62712	167.56473	165.7491	170.93163	46.01057	166.31966	0.54449403	169.76149	0.54266787	47.170677	36.797867
G000829755	151.78232	138.96793	154.61035	169.49129	157.97855	96.97823	96.924385	110.893105	166.042	148.89569	155.44193	154.85255	158.67053	155.34473	158.60242	153.79814	174.62677	155.23753	156.00858	154.46643	158.66714	61.747494	174.5395	157.81514	115.20836	59.577534	154.2054	157.35138	149.28156	156.1889	170.26129	157.80974	160.61353	0.0	31.89542	160.14218	154.49118	156.97044	170.78969	124.104836	157.85072	97.02315	148.3761	158.83531	154.35622	43.38245	155.52963	151.44928	153.41336	154.06377	131.62799	33.865715	157.20865	154.31589	156.65486	157.85286	153.6894	157.22438	169.98643	170.58344	46.232605	158.66714	155.55588	158.51878	154.91045	157.84586	158.6672	147.2912	157.88945	157.53407	167.99608	155.64828	120.33318	37.24049	108.9786	154.26439	125.0209	159.19083	96.94489	153.93266	125.07866	73.7585	153.67192	165.14973	158.67877	197.3103	117.614815	81.62133	168.79062	27.933718	154.29184	96.99992	154.00755	169.12659	147.2627
G001499655	160.4813	139.11609	163.46117	181.3825	165.93047	118.69679	118.631226	69.844124	178.94724	171.52805	164.01114	164.6265	164.12212	163.08765	154.96767	162.52682	164.00587	163.7995	164.48201	163.20528	164.12871	25.133625	163.2233	166.73909	98.10976	91.61213	162.99481	166.38814	155.31448	164.15694	182.19197	166.7317	166.98738	31.89542	0.0	165.82034	163.21439	166.12123	183.53935	125.73022	166.7364	118.708496	170.78957	166.81082	163.09451	47.039303	164.81749	160.25928	156.07576	162.76091	130.60143	0.28244293	166.19008	163.17421	164.509	166.75003	162.42082	164.19875	182.23996	183.23856	44.582832	164.12871	164.06569	182.08604	164.13663	166.73557	164.12915	157.5408	166.78326	165.54543	181.20117	164.9094	120.14648	58.7013	69.13454	162.92476	127.28283	166.90076	118.645164	162.66946	123.14403	98.02695	163.93896	178.07841	164.15236	184.1271	118.3151	84.514854	181.2392	61.931614	163.0081	118.712296	162.71217	181.4244	157.53679
G000174995	53.791748	171.1393	55.403442	59.99798	54.62582	151.7959	151.83632	147.95126	60.049877	60.59998	55.01294	57.787594	0.049659744	54.679565	11.951757	54.534283	12.808416	54.889317	55.344563	55.05922	0.049276114	152.2493	13.105333	60.11637	166.24446	165.93417	54.80963	59.794544	51.18886	55.47537	60.59138	60.142185	56.672356	160.14218	165.82034	0.0	55.22801	59.889793	60.49829	160.38332	60.121494	151.70618	60.131786	55.57015	54.845097	157.26488	57.704197	53.70318	54.412636	54.744526	170.09851	165.39842	59.54783	54.688858	55.50591	60.1439	54.905552	43.820366	61.182655	60.170204	153.24715	0.049276114	55.045017	59.26084	55.118004	60.126553	0.04927473	51.022507	60.149715	54.42456	60.165077	59.691322	160.8978	176.94113	147.50954	54.777485	169.20993	55.38097	151.7124	54.675186	166.69156	161.76392	54.249565	59.46347	0.051228512	198.7129	161.01595	156.82297	60.01497	173.1715	55.110825	151.80669	54.71838	61.02229	50.985752
G000270425	0.51797795	174.48477	0.014373581	45.927555	0.75485307	161.81567	161.84683	158.97205	45.84959	30.490608	0.026220687	43.105175	54.21086	0.5043429	56.717537	0.017342495	52.03693	0.03992343	0.047003597	0.0019962534	54.211487	154.8138	51.452473	44.899532	147.70683	164.45056	0.017609993	44.63393	2.6012247	0.043352064	46.592796	44.911297	0.53588885	154.49118	163.21439	55.22801	0.0	44.353367	46.097023	168.9431	44.989384	161.73242	30.53606	0.6277101	0.01806267	168.24945	42.59607	0.52045465	13.577698	0.011556374	168.73189	164.66296	44.275448	0.01832333	0.18627468	44.996864	0.018599452	14.220344	45.573578	46.163776	168.29495	54.211487	0.027143424	29.875055	0.6042665	44.988613	54.211807	36.40047	44.94233	0.8733751	45.575394	44.43793	162.49396	161.93524	156.34526	0.00947008	171.35544	0.6681136	161.75275	0.019354295	149.39143	158.09596	1.4389392	45.167145	54.240055	163.03389	161.68457	165.61171	45.63576	158.9588	0.0023587912	161.81982	0.011851882	46.68865	36.404633
G000007205	42.946472	176.24625	44.496635	37.57312	43.30599	161.01167	161.06378	168.41612	38.078762	52.528233	44.321556	0.5887129	59.097767	43.301376	68.222984	44.074413	53.192616	44.266727	44.384075	44.254482	59.13633	171.46228	54.45513	0.033596683	161.44742	180.66255	44.265606	0.018677445	38.826904	44.375183	38.98272	0.03443207	44.05522	156.97044	166.12123	59.889793	44.353367	0.0	37.248905	165.47897	0.037514016	160.94212	52.591087	43.462303	44.29368	173.34897	0.68884647	42.951122	43.786995	44.143295	170.64214	168.25327	0.02134743	44.228443	43.83993	0.03742262	44.28969	44.47464	37.615253	37.259293	169.6851	59.13633	44.321236	46.441887	43.12632	0.037445467	59.136497	45.007248	0.03380318	42.986366	38.031223	0.042560607	163.82463	167.93091	167.49861	44.15835	173.02664	43.47621	160.93822	44.060474	162.98055	160.54578	42.63718	36.709743	59.151802	191.45393	164.3599	142.17595	37.186245	154.73732	44.344345	161.0404	44.12304	39.184814	45.010727
G001466415	45.217766	178.71591	46.127953	0.19739261	45.614883	163.25243	163.33192	164.5749	0.6108115	47.48929	45.876575	37.185036	59.8167	44.915386	57.82857	45.689106	59.581802	45.91063	46.0867	46.028904	59.83677	174.30194	59.63312	37.43571	159.5548	183.09052	45.79424	37.33343	39.574974	46.500877	0.3369355	37.46453	46.43448	170.78969	183.53935	60.49829	46.097023	37.248905	0.0	168.64809	37.519066	163.17107	47.14815	46.12348	45.83366	173.19536	37.05239	45.15148	43.968693	45.78254	173.92784	184.7197	37.21002	45.802696	45.733166	37.526527	45.925316	44.320545	0.26939014	0.0053796833	184.6292	59.83677	45.91883	51.63784	45.81847	37.515396	59.83728	51.932262	37.47918	45.09777	0.59713686	37.024418	167.11446	156.754	162.4272	45.83886	176.53334	46.146667	163.16463	45.7547	177.97105	168.00331	44.966892	0.5449377	59.83616	193.16225	167.63359	161.57419	0.29780242	167.12663	46.01692	163.247	45.737865	0.3520459	51.9217
G001796095	166.749	2.6494727	169.07301	168.29852	168.11858	102.81295	102.82309	123.00003	165.39732	171.61209	169.32294	163.51505	159.36989	169.18817	151.40129	168.22922	161.17365	169.22054	170.02922	168.87401	159.38301	132.3335	160.28987	165.36838	79.52595	127.34875	168.46214	165.46516	161.71263	170.56696	168.77911	165.35371	173.03755	124.104836	125.73022	160.38332	168.9431	165.47897	168.64809	0.0	165.31398	102.844925	171.36203	168.97775	168.59355	140.09856	164.30977	166.49942	174.96597	168.42952	2.8146603	124.47087	165.48149	168.51607	170.0747	165.33105	168.24258	176.2599	168.66827	168.3766	129.7546	159.38301	169.4558	177.82793	169.1497	165.31883	159.38287	170.41489	165.41693	167.37984	167.54437	164.47438	1.5886918	123.11981	122.78606	168.60776	2.0922096	169.29948	102.85131	168.4894	94.78576	118.20434	170.45178	165.64978	159.37735	165.618	2.2209675	112.991486	167.46336	126.693085	168.73648	102.87729	168.36865	167.87936	170.35025
G001007145	43.572186	176.11395	45.14299	37.840973	43.94313	161.41562	161.46799	169.02951	38.354218	53.428947	44.95506	0.61303544	59.345024	43.93442	68.53943	44.712852	53.222744	44.89904	45.025257	44.889877	59.3828	172.13945	54.480526	0.0009639547	162.14673	181.91034	44.907227	0.036330003	39.43518	45.00154	39.252087	0.0008071457	44.65337	157.85072	166.7364	60.121494	44.989384	0.037514016	37.519066	165.31398	0.0	161.34564	53.499985	44.083588	44.93496	174.41077	0.7351278	43.57903	44.414692	44.78205	170.53574	168.85573	0.050431266	44.86758	44.457737	9.706571e-05	44.929424	45.185837	37.90454	37.52784	170.64795	59.3828	44.954	47.342598	43.756947	3.33069e-05	59.38303	45.809513	0.0009477892	43.618713	38.312477	0.07419775	163.7647	168.82095	168.12704	44.79437	172.97421	44.10268	161.34102	44.699955	163.3953	160.91916	43.26834	36.99584	59.398663	192.55818	164.34009	142.43375	37.465992	155.98035	44.979664	161.44429	44.760216	39.459827	45.813118
