	G000807855	G000374025	G000390185	G900112255	G000426725	G001592945	G000422585	G000974425	G000265075	G000265505	G000296815	G000277005	G000183425	G001567185	G000701505	G000263195	G001314815	G000429445	G001281695	G001442615	G900129785	G000169175	G900156415	G001078055	G000265405	G001657315	G900112005	G000325705	G000973725	G000374085	G000331535	G000373245	G900100765	G001592935	G001593005	G000473365	G000482465	G001747105	G001647285	G001890965	G900107465	G000812565	G000429425	G001050135	G000014145	G900113045	G000472485	G000429465	G000330725	G001870735	G001267955	G001898575	G001747095	G001483135	G000298295	G000714815	G001611675	G900112365	G900103285	G000429405	G900129725	G900116615	G900115665	G001592965	G900111145	G001683905	G000373265	G000295935	G000222485	G900142205	G000379765	G000566685	G900116885	G000428845	G000331105	G000166275	G000737515	G001306455	G000423565	G000024525	G000166395	G000427295	G000427405	G000473765	G000381545	G000430505	G000346615	G000715495	G000382225	G000383955	G000972495	G000023125	G000348925	G000379725	G000801315	G000374065
G000807855	0.0	115.933655	109.63409	99.32098	105.62942	105.53976	110.52376	123.16238	113.59654	105.109505	120.034065	104.916336	93.29911	105.65932	121.85564	105.905396	118.14838	105.05145	99.67531	115.38076	105.15032	108.75755	101.7209	105.36426	101.581924	101.0818	115.74541	105.39847	104.96219	118.9875	94.59793	107.50332	105.036835	107.91741	100.670715	101.860435	111.6386	100.21538	105.16094	102.21205	108.07281	19.734129	110.41747	113.2784	110.72501	97.25781	104.62025	110.26416	103.92339	108.12201	107.9752	118.13737	109.06463	112.02934	103.26081	103.34138	106.04759	120.44322	113.47212	116.5667	106.628746	111.97022	108.58596	104.90049	107.59895	94.4127	104.41474	110.89522	110.29492	101.94209	66.67274	122.50383	107.16452	121.09943	119.329834	106.686005	117.6534	124.76048	110.59965	122.699265	118.50553	117.07954	109.08379	107.604675	107.665306	106.229454	97.427795	119.41849	120.04044	114.00259	122.190216	113.92262	101.81478	110.46327	114.18564	121.74548
G000374025	115.933655	0.0	121.23806	100.28692	103.66825	112.87865	115.72646	18.424849	130.25745	118.56019	23.177471	107.84169	112.64769	118.54147	74.04132	73.03387	130.32315	124.48507	94.66009	128.04074	122.47561	103.02448	102.74421	109.07744	123.49892	112.29989	131.50131	121.43049	108.76424	20.810707	113.8198	121.54193	100.47415	114.950935	112.23243	105.48247	62.237816	122.523544	109.465836	100.33586	121.58118	119.33323	125.389824	125.24164	107.83512	106.25924	110.08028	121.30141	124.412384	36.376396	112.559425	4.995643	118.38086	109.55639	122.4705	118.67589	105.38758	19.628721	73.89039	125.34134	115.95922	127.42254	69.71165	117.626114	122.089775	111.2415	106.59755	116.816956	130.48578	118.674065	109.26665	67.03784	107.34214	73.63591	38.0883	124.74743	114.44759	82.99741	63.429394	20.619286	89.380974	129.9094	70.23334	120.95655	120.72024	102.12391	107.968994	119.04847	119.69811	33.298077	119.472725	66.94201	111.50223	107.3911	112.42603	22.23472
G000390185	109.63409	121.23806	0.0	108.097694	113.86667	88.350204	115.40941	129.92719	59.362717	114.18299	122.31975	117.742004	87.025696	90.83038	126.544754	112.466644	59.751484	56.45647	104.659195	53.39789	52.07502	111.11655	109.36921	110.48027	50.791267	81.88053	61.796776	45.31478	112.1356	127.926895	89.42777	49.94488	110.07309	89.55643	86.81096	111.86009	108.97201	90.64688	110.95263	113.646614	53.367752	114.28831	57.667305	38.45462	115.79571	107.29282	106.83357	56.124443	50.71302	116.87425	88.44087	121.61289	92.70807	114.74335	54.236782	47.438396	112.635826	126.05872	114.21224	59.456043	99.118546	59.20015	113.10323	88.917854	83.18552	90.65979	107.85253	51.390358	37.03053	85.23735	108.26688	111.62425	115.73205	126.37752	126.70092	55.51773	122.69369	132.81017	115.2651	128.40517	125.248276	41.53999	119.731445	52.63748	52.467438	111.8936	90.02676	127.8057	129.76808	116.9899	126.89849	124.02419	94.20215	116.7564	118.895035	120.0431
G900112255	99.32098	100.28692	108.097694	0.0	73.514084	98.09074	97.67856	99.71094	110.696915	96.80188	96.22674	81.6609	92.51827	98.03739	102.04952	86.594955	115.89404	108.218796	83.85847	108.50747	106.76841	91.78999	77.964485	83.838715	101.639755	92.18987	106.57106	99.34004	84.42323	100.14037	87.73757	104.27945	59.628513	94.23031	97.98279	80.918755	85.756386	98.05416	82.20408	85.78675	103.20395	102.981514	103.61175	106.044334	80.08188	85.368576	80.45577	101.98718	102.7081	90.157646	99.03818	100.62806	99.69765	86.97337	104.6436	98.25978	80.34307	98.893456	91.39118	109.946976	101.16477	107.15502	91.78685	99.78079	97.65833	94.6193	80.35931	99.02338	109.337975	100.39546	89.84889	99.99655	81.67628	98.00503	101.09147	107.026276	90.054955	100.37031	94.6498	103.69016	102.25593	108.23935	88.78623	101.63239	102.08629	87.1259	88.90613	91.744	96.68551	92.203	97.93068	97.03987	96.47042	80.16289	87.05118	104.978584
G000426725	105.62942	103.66825	113.86667	73.514084	0.0	108.78749	101.82416	103.61823	113.49472	102.2946	99.73357	81.62321	88.51131	107.007545	102.65785	96.56649	124.62501	105.28933	82.95634	114.04749	113.26307	88.76868	81.05145	82.75624	97.65383	100.10722	111.39611	104.52388	82.94102	109.891266	86.46487	103.91931	76.39708	99.81576	102.210396	83.19473	90.387924	103.33003	86.03898	89.33242	103.02826	99.72496	105.066216	107.75836	58.264378	88.44419	82.15107	110.95932	104.91219	96.59367	102.65373	102.00423	90.68529	89.211296	121.48807	99.5302	82.61023	106.18535	95.06743	114.26178	103.54701	114.931244	83.57421	96.40115	107.48399	96.4397	81.61723	92.51605	113.147736	111.549866	88.23075	95.829575	84.41298	104.38284	106.607666	109.32589	94.56211	107.431915	95.21511	99.64762	104.243965	113.30032	96.34734	106.594124	104.63859	91.59707	90.66613	94.54189	97.38247	96.8653	94.070885	102.98469	100.45483	53.405373	93.04607	110.54798
G001592945	105.53976	112.87865	88.350204	98.09074	108.78749	0.0	111.58202	123.19766	94.56291	111.25707	112.36694	107.40272	71.82075	89.502556	122.61319	107.53019	94.74029	91.555984	102.27254	96.38151	93.01658	106.33375	101.6471	108.30044	87.16053	83.5889	95.32281	87.274635	112.701485	120.07386	81.94169	89.69622	101.532234	8.747433	4.487121	103.295334	110.59305	45.90347	101.67728	99.484825	88.715546	104.628426	87.79595	92.31754	107.767685	97.56794	108.59572	89.919655	90.725784	113.16989	3.3386247	118.005554	46.67309	111.158516	84.21687	86.28654	104.12941	123.650345	111.4388	97.91009	88.22704	91.43661	107.217026	41.506638	42.456444	78.95177	105.20816	84.1369	93.129616	70.73147	94.51606	120.89948	105.51497	121.66525	118.527374	93.947205	116.84366	118.088326	110.97465	123.28636	120.45065	93.905464	110.90707	87.64066	87.83456	105.28639	79.98354	118.34359	120.0007	114.82537	120.306656	118.261955	87.84003	110.06357	111.94257	125.43596
G000422585	110.52376	115.72646	115.40941	97.67856	101.82416	111.58202	0.0	119.29925	121.1914	55.76578	114.16025	106.13735	103.41146	112.880005	118.74699	105.78203	122.617096	118.579666	102.84945	118.94373	119.04223	107.3123	101.84916	108.84856	113.24076	101.58085	123.65938	117.58613	107.89343	118.626236	102.85355	116.081116	101.98131	110.272675	109.0673	108.63651	111.711044	108.87124	104.015816	110.97935	113.12147	110.59175	120.0316	119.49837	109.87831	77.60787	107.01952	114.972206	117.83433	111.365456	108.123535	116.0198	106.885925	111.203384	114.473526	113.22164	103.281395	120.54686	109.70783	117.31358	112.206604	117.72025	108.779816	113.099724	112.05325	101.09033	104.17558	115.33787	118.013016	116.05454	100.222176	118.49926	105.02072	117.050064	118.27483	119.48713	113.7422	117.86638	108.82522	121.6394	117.181816	119.29713	109.21356	113.96944	113.08704	105.122314	101.17243	116.6095	120.74958	114.60076	117.177505	115.78534	108.58002	109.06332	113.89474	121.75447
G000974425	123.16238	18.424849	129.92719	99.71094	103.61823	123.19766	119.29925	0.0	134.40012	113.88301	28.716915	109.56528	117.050316	119.60886	77.912994	77.83237	138.30048	126.60108	101.17195	135.03242	130.86131	105.167	106.5045	108.616356	120.346344	118.90926	133.41061	119.99328	111.82465	22.955023	112.51503	124.944664	112.43705	114.07738	119.81112	105.77077	65.7527	120.360535	107.418274	102.17602	125.87796	127.176544	127.90834	127.83415	110.77652	106.56098	109.5714	127.157364	126.96524	37.300858	121.179955	19.232986	116.02003	112.17152	124.17686	127.55654	107.94937	14.256936	74.37217	132.52168	112.36824	133.1133	75.71082	125.48465	123.98167	113.28609	106.26541	126.48631	123.931915	124.9646	114.162224	74.15847	110.42533	72.23661	40.983257	125.9816	119.46874	87.671875	71.1949	10.067501	91.289246	122.61895	77.50668	125.25744	125.087616	102.81558	114.708435	115.237946	121.39579	37.360367	114.58412	75.36375	119.059166	113.272446	114.41762	19.922176
G000265075	113.59654	130.25745	59.362717	110.696915	113.49472	94.56291	121.1914	134.40012	0.0	124.35931	129.34776	120.890236	97.35352	104.385956	131.23409	115.18189	60.466724	58.443604	113.05685	59.24766	59.967503	121.286285	115.49905	121.66924	52.564575	96.53885	58.305984	56.08072	116.89238	132.29831	89.38966	56.959232	111.95252	94.11988	92.7437	120.43404	120.06922	93.05906	117.37375	119.335815	54.60232	118.9389	57.26441	62.762005	114.36754	108.73572	109.71345	57.779903	58.594635	125.52018	96.84488	130.56831	99.40982	123.325356	53.001167	56.52503	121.30399	126.40702	125.26898	60.52617	104.21707	58.049908	120.20596	98.42654	97.51402	101.100174	116.58659	51.183376	63.61483	94.71101	104.38545	127.54362	124.21429	131.79724	134.24062	54.646843	130.27818	133.86829	124.0086	132.45561	133.10686	65.20704	125.602875	53.633793	53.71933	116.82863	91.63492	128.83504	136.86588	129.28871	126.26345	121.83867	99.63509	125.10891	125.887764	133.74141
G000265505	105.109505	118.56019	114.18299	96.80188	102.2946	111.25707	55.76578	113.88301	124.35931	0.0	111.51659	100.97302	106.10289	112.17339	118.93029	104.51512	120.238945	118.952675	96.035126	116.565384	118.062706	105.168175	98.41817	105.16761	99.65257	102.47544	117.956	112.73723	105.3007	118.730736	101.76944	112.37541	98.117165	105.736206	110.10311	102.060005	108.02913	110.76104	102.86009	107.03507	110.85099	109.559204	114.82868	121.63369	107.317184	76.24571	101.48318	114.38214	116.792984	107.27802	109.87533	118.49907	108.524475	107.79246	111.46985	114.66145	101.35064	119.67929	107.86697	116.13663	108.8847	112.16196	105.84573	113.69302	112.790474	103.11893	100.13243	111.422325	117.777504	109.79915	93.404335	113.11643	102.86372	117.74432	118.31122	118.33797	113.60795	117.993416	107.47387	119.804146	119.90985	120.72667	108.976685	111.24327	110.710205	104.648735	98.88153	113.98782	114.107796	113.496506	114.38141	115.60493	108.89718	107.22327	112.66674	120.79724
G000296815	120.034065	23.177471	122.31975	96.22674	99.73357	112.36694	114.16025	28.716915	129.34776	111.51659	0.0	105.39212	109.98168	115.848236	68.03448	69.441216	128.92863	120.59717	91.50868	126.85621	121.532745	103.1419	100.40924	108.14867	114.66243	106.254326	126.19817	112.63844	102.80897	29.52603	104.405975	116.14148	88.67101	110.06737	109.43439	98.99887	59.456276	117.35026	104.08	95.17398	119.00298	116.902565	119.394806	122.15771	106.81601	100.6294	101.0744	120.57243	122.717415	31.294281	110.94738	25.970661	112.13041	105.36398	113.97365	120.112656	102.70669	24.16375	68.692955	123.37715	116.47776	123.913506	69.61595	115.68332	115.027885	106.16037	100.16045	114.47912	121.12808	114.863945	107.5081	67.255135	105.020805	67.4851	34.4394	122.126595	105.810356	84.73787	62.57683	26.868246	83.73874	123.94646	67.700134	118.89061	118.42587	96.44779	107.14014	119.00831	115.38826	29.540583	115.60109	68.40848	109.64705	104.6477	107.50059	28.030355
G000277005	104.916336	107.84169	117.742004	81.6609	81.62321	107.40272	106.13735	109.56528	120.890236	100.97302	105.39212	0.0	104.138504	113.648224	104.50393	95.11534	120.913826	113.794044	90.34057	120.06506	115.66363	96.34715	3.3693411	58.774582	106.79389	105.274216	115.69485	108.265884	29.57603	113.64523	101.15037	113.6115	87.76668	106.70805	104.88072	53.111576	98.38078	103.96555	55.41313	95.36503	108.667885	110.41364	112.43907	117.11299	90.442825	94.31214	28.715572	113.2157	113.06575	97.14137	104.03078	105.47757	103.93246	70.62629	109.77369	106.98833	30.211077	110.506355	104.373566	116.1037	112.071945	113.51764	99.23519	108.78202	106.68201	99.83217	15.720061	106.8554	116.19133	109.627815	96.799385	105.05542	30.980122	107.35775	108.99007	112.59931	73.57169	108.003654	99.6006	108.58872	110.12909	122.07734	100.97709	110.22583	108.965836	98.93836	105.43385	74.30067	78.1291	106.08549	77.01967	105.02989	106.29868	91.42627	71.0792	116.32474
G000183425	93.29911	112.64769	87.025696	92.51827	88.51131	71.82075	103.41146	117.050316	97.35352	106.10289	109.98168	104.138504	0.0	90.420586	112.40162	91.99959	86.309395	93.36345	97.460785	84.175766	85.39071	105.55339	98.366234	103.878525	73.99479	82.05357	88.49478	78.81007	104.54051	118.49172	71.17655	83.81421	96.87589	69.7406	71.17477	97.149216	108.31666	76.49642	92.574585	109.52659	82.34029	99.85162	93.833855	89.88404	107.12509	87.493484	104.25774	85.32447	83.996086	104.87529	70.60915	110.69706	78.04874	106.53734	91.66705	81.81898	100.33586	109.91364	102.2119	87.5977	88.143486	89.462265	106.657104	73.881424	75.87771	79.539116	96.52041	89.71427	85.20411	72.315186	80.535774	113.98293	102.08914	105.82132	114.67938	81.76221	112.62261	115.066734	101.41219	122.1925	117.74132	90.027084	106.043015	82.18352	81.94875	98.5668	77.076775	115.4349	120.91194	106.76872	106.81165	108.95843	82.62309	102.81377	109.66784	112.98664
G001567185	105.65932	118.54147	90.83038	98.03739	107.007545	89.502556	112.880005	119.60886	104.385956	112.17339	115.848236	113.648224	90.420586	0.0	122.14384	106.39514	106.83397	103.29755	104.67513	97.348946	96.48518	110.27339	102.94536	111.552605	89.71027	70.06776	105.74201	101.79496	112.66672	121.9829	60.85027	97.049416	104.47954	90.477875	88.89901	102.76685	110.658875	95.30851	111.964714	107.197495	96.33418	106.95048	101.58779	105.34059	107.539154	96.86624	109.40893	100.10129	101.98682	108.524635	93.033005	120.674515	87.548904	112.79325	92.98794	98.606384	106.892136	123.58919	118.289	109.4344	41.699806	96.3958	111.7114	96.8019	86.35675	79.70482	104.48829	99.03129	96.61418	92.58601	92.898605	123.93019	108.66359	120.04418	124.88832	97.73459	120.10793	117.05935	110.43557	128.78075	122.16865	105.95549	114.09843	95.137314	95.56125	107.62206	78.86421	119.089264	124.494	112.82639	124.26408	117.74422	85.370895	109.03967	112.979996	116.24257
G000701505	121.85564	74.04132	126.544754	102.04952	102.65785	122.61319	118.74699	77.912994	131.23409	118.93029	68.03448	104.50393	112.40162	122.14384	0.0	75.50449	132.51158	125.71392	99.48471	124.28585	123.942314	104.97165	104.06587	109.844444	117.905045	111.48819	126.69422	124.8289	109.83778	78.08026	111.35139	128.10541	108.709564	116.6281	114.161835	107.21679	55.8562	119.95072	105.56172	100.18691	121.82601	121.44758	128.2374	130.5493	112.021454	108.213615	109.25502	123.320145	123.11719	66.428665	117.266754	73.41092	117.617424	113.35878	124.39334	124.15209	108.81636	75.031494	75.08232	129.25827	129.67886	128.99591	71.67522	121.756485	118.42529	113.15786	109.15566	119.40335	131.12146	120.15869	111.456696	31.210012	111.505974	15.197668	73.95824	127.12192	119.43078	89.48236	58.569588	74.00054	91.19697	131.62267	74.60955	123.6968	121.963234	104.915276	110.720055	120.80601	120.72101	70.4004	119.23026	16.924963	116.178665	111.28594	112.98472	75.36471
G000263195	105.905396	73.03387	112.466644	86.594955	96.56649	107.53019	105.78203	77.83237	115.18189	104.51512	69.441216	95.11534	91.99959	106.39514	75.50449	0.0	113.75368	113.71725	84.05957	117.0623	116.106476	90.036	93.25934	97.01851	101.323395	98.86457	117.906555	106.60233	93.23228	76.66973	101.05348	109.01072	91.67755	105.938	103.19543	92.8671	62.59342	106.94221	93.22716	86.46347	107.52677	106.50413	116.31659	119.80987	98.271866	90.17297	94.21201	120.34513	114.57405	67.80517	102.79965	76.92729	104.2543	101.25706	104.62823	112.24487	93.95144	77.04998	67.54027	110.07327	108.50127	112.10868	63.93454	105.24629	106.93371	100.52966	90.8496	117.236046	104.47115	105.0388	93.74696	72.01581	96.17808	75.48585	75.37444	115.92603	100.71414	53.339104	69.4298	77.17858	55.26792	122.65598	63.687714	109.91432	108.023994	92.708176	100.93901	108.19967	108.80353	71.17996	104.64152	73.02363	103.971954	93.92716	104.57164	76.58385
G001314815	118.14838	130.32315	59.751484	115.89404	124.62501	94.74029	122.617096	138.30048	60.466724	120.238945	128.92863	120.913826	86.309395	106.83397	132.51158	113.75368	0.0	31.98769	118.96493	38.036293	36.88422	120.78544	116.53359	120.98638	47.8032	98.14766	38.12949	57.435394	123.67258	138.89256	88.152405	61.87575	117.17754	94.40658	95.050415	122.96799	126.48882	96.09515	125.26668	119.32946	48.769993	117.57202	29.448454	66.40047	122.212296	111.86096	119.15492	23.205698	53.13046	123.566795	93.48421	130.9849	96.57487	126.77412	51.812218	57.462856	117.781456	132.43439	122.55133	4.8179073	103.31441	36.0997	123.37652	102.41552	97.72154	91.19214	117.98925	50.554684	57.863705	94.22499	110.13982	129.03242	119.7213	130.86926	132.71582	36.7292	135.30203	130.56058	112.8163	137.91061	137.91544	69.85723	126.85486	49.093586	48.47591	122.591835	92.46946	129.07315	135.81166	124.11057	128.05392	129.03983	100.47609	122.65564	127.35774	135.67201
G000429445	105.05145	124.48507	56.45647	108.218796	105.28933	91.555984	118.579666	126.60108	58.443604	118.952675	120.59717	113.794044	93.36345	103.29755	125.71392	113.71725	31.98769	0.0	114.16432	31.788517	31.160494	112.825806	110.24992	114.02525	44.638554	96.019295	34.198174	53.652164	119.58245	134.49165	89.12836	57.816387	110.9736	89.830055	90.15459	111.121574	121.01989	95.64595	112.64196	112.00437	47.077515	112.435875	18.043055	63.75632	119.57851	104.97147	113.24313	24.4038	44.462368	121.90116	90.6053	128.07	93.190384	121.92321	47.69854	52.860035	115.89726	127.94955	117.67485	29.90719	91.30257	30.765833	118.18385	93.770195	97.07674	96.6145	114.81783	46.19373	57.996784	96.16839	99.95717	126.47827	117.94179	125.08258	131.74283	29.682652	123.60865	129.04813	122.63667	121.023186	135.57043	63.753117	121.47114	46.994015	46.652077	114.148346	91.49786	128.93985	128.83209	124.26276	127.874695	127.116714	95.202065	120.4678	124.0644	136.272
G001281695	99.67531	94.66009	104.659195	83.85847	82.95634	102.27254	102.84945	101.17195	113.05685	96.035126	91.50868	90.34057	97.460785	104.67513	99.48471	84.05957	118.96493	114.16432	0.0	118.34089	108.68159	78.6578	86.44759	92.21938	102.12582	92.55781	114.08695	100.31912	86.021515	102.66113	92.448204	108.491974	89.408134	104.36119	102.03008	92.65076	89.46459	106.302795	86.387344	72.45835	107.03965	105.853035	106.243416	110.50309	93.519356	85.867485	89.15577	102.876205	105.32593	93.18188	101.548996	96.77129	105.42394	95.836945	109.26561	102.19218	89.23056	102.76685	89.52668	114.242615	101.3151	113.7146	89.58341	97.083145	104.6002	95.04392	83.56173	99.903244	112.76592	104.793465	93.59976	101.26496	90.91888	96.89269	98.28039	103.14262	98.327896	98.004135	91.31704	102.40772	102.3703	114.363785	88.64434	105.01549	105.42377	75.89028	97.16894	99.629234	105.01576	93.031555	102.100395	94.55588	101.64132	94.97844	96.75467	102.264496
G001442615	115.38076	128.04074	53.39789	108.50747	114.04749	96.38151	118.94373	135.03242	59.24766	116.565384	126.85621	120.06506	84.175766	97.348946	124.28585	117.0623	38.036293	31.788517	118.34089	0.0	23.17226	115.36601	113.06364	118.46152	47.60552	88.94993	14.047937	54.071507	114.421005	128.4683	83.58996	57.128086	115.85017	94.5186	92.29167	121.86954	117.28169	95.84186	111.07602	117.260025	45.604874	117.71576	31.246231	61.29171	116.67478	105.53378	117.06632	31.146904	51.99984	120.25752	96.03402	124.9087	100.44915	125.21622	48.242805	49.998394	113.761024	127.83014	120.18154	34.999985	99.09515	11.526606	106.88167	91.87009	95.927216	97.47575	112.49096	44.028778	63.76264	96.489395	106.749985	125.13483	115.659935	124.81135	127.87827	25.958677	125.58131	143.07344	119.2861	132.68126	130.63899	63.21497	112.81122	45.47832	45.12363	116.1106	91.734764	129.29778	128.8509	122.59682	127.55854	126.726	95.76257	119.44967	124.67328	125.418594
G900129785	105.15032	122.47561	52.07502	106.76841	113.26307	93.01658	119.04223	130.86131	59.967503	118.062706	121.532745	115.66363	85.39071	96.48518	123.942314	116.106476	36.88422	31.160494	108.68159	23.17226	0.0	118.61784	109.041245	114.99113	45.39683	88.30408	25.184877	53.51811	113.73042	130.47075	96.2444	56.99551	110.517365	90.90078	90.34361	111.85797	112.703285	89.40573	111.38267	109.66906	44.82996	107.40914	27.642736	61.167625	111.434746	103.62695	113.81431	26.954407	48.014828	118.574	91.014496	122.87978	90.863945	118.31228	39.48419	52.08862	111.81271	129.03194	119.55288	28.75466	94.43312	24.701025	125.51687	92.48204	98.945	98.29036	107.064	43.248936	62.00409	93.09339	95.20203	115.65944	113.59	125.66714	127.551544	13.002482	120.83808	132.26433	118.46683	133.64381	124.687935	60.789036	123.83806	42.676445	43.395504	111.45273	84.54637	126.103676	127.6004	124.90536	124.09731	120.18217	93.367065	109.651085	119.97015	129.87
G000169175	108.75755	103.02448	111.11655	91.78999	88.76868	106.33375	107.3123	105.167	121.286285	105.168175	103.1419	96.34715	105.55339	110.27339	104.97165	90.036	120.78544	112.825806	78.6578	115.36601	118.61784	0.0	93.57502	98.26933	111.46117	101.15267	116.54735	109.95888	96.055984	106.33664	94.84025	113.917534	90.41072	105.14093	105.033394	95.70179	95.64787	108.71432	93.30742	20.414255	106.69704	109.824554	117.56026	115.26926	100.1783	91.4853	95.30791	117.23774	117.45959	94.7156	105.86789	105.44974	105.91171	101.42571	117.34823	106.38153	95.0644	103.91154	96.06489	116.04686	105.601234	113.10404	95.08668	107.718544	105.57454	101.48276	97.8865	105.97334	114.55507	110.49394	98.64665	106.21165	96.7406	102.66382	104.04988	113.90233	104.84877	107.50834	94.54542	107.00733	106.52011	117.22446	94.72705	108.16747	107.1279	65.41013	97.14421	104.82744	111.296745	100.98046	108.03809	102.73012	101.31685	98.73584	106.16825	105.12593
G900156415	101.7209	102.74421	109.36921	77.964485	81.05145	101.6471	101.84916	106.5045	115.49905	98.41817	100.40924	3.3693411	98.366234	102.94536	104.06587	93.25934	116.53359	110.24992	86.44759	113.06364	109.041245	93.57502	0.0	54.656868	104.1364	93.14352	111.374435	104.51325	27.776403	110.24874	93.029434	108.16596	83.5663	101.72598	100.432884	49.56129	96.15219	105.54262	50.75796	92.215385	105.47389	103.57991	109.462204	109.19056	88.50135	90.812225	26.462086	107.64397	110.79531	96.159615	99.571976	101.72639	102.6816	64.92684	106.09749	105.1344	26.710632	108.18907	99.18899	111.57795	101.957634	108.45673	94.90531	107.921455	105.041664	100.03699	12.5617285	102.77915	110.390594	106.68715	94.75847	104.21362	27.780882	106.61872	106.26531	109.83523	69.09721	106.77018	98.44154	108.7101	109.69766	112.74516	94.512726	105.69281	105.09046	96.15348	98.67189	70.39639	75.83297	102.15598	71.12883	104.540665	100.363945	88.30337	65.40257	108.91334
G001078055	105.36426	109.07744	110.48027	83.838715	82.75624	108.30044	108.84856	108.616356	121.66924	105.16761	108.14867	58.774582	103.878525	111.552605	109.844444	97.01851	120.98638	114.02525	92.21938	118.46152	114.99113	98.26933	54.656868	0.0	108.05088	100.74322	118.787186	113.80155	59.192657	113.59245	101.185036	112.224754	88.784325	107.893	107.417725	47.276325	102.347084	106.42891	22.100506	94.90873	111.900986	109.67058	112.40894	113.37202	91.39038	94.49309	56.058197	113.41885	114.466545	102.24829	105.703575	112.00431	106.252594	72.21777	110.0502	111.90436	56.00556	108.395004	104.66526	114.132614	110.13736	114.64674	100.68574	106.110886	112.61775	99.451416	53.89783	111.90994	118.886925	111.96296	99.8623	103.80715	57.76889	109.57029	111.53492	114.710884	77.03355	112.20816	102.31718	113.23264	115.116516	117.171	102.006905	112.9743	111.958496	99.110016	105.96427	76.36763	80.43629	103.970146	78.419174	107.06477	103.72009	96.26509	69.26784	111.80912
G000265405	101.581924	123.49892	50.791267	101.639755	97.65383	87.16053	113.24076	120.346344	52.564575	99.65257	114.66243	106.79389	73.99479	89.71027	117.905045	101.323395	47.8032	44.638554	102.12582	47.60552	45.39683	111.46117	104.1364	108.05088	0.0	97.27482	42.866066	48.044113	108.38793	127.348465	84.17678	51.03423	104.21947	82.076904	86.466835	110.30997	111.37536	87.064415	103.691696	110.514015	26.259062	99.73395	46.998623	55.34726	112.25969	98.11535	104.32663	42.61928	36.447807	112.02603	87.65934	126.03716	85.90526	114.94683	32.07336	48.463226	108.19828	123.598495	115.65017	47.755215	93.155075	43.435387	114.52408	89.00327	89.0544	76.90134	106.75948	26.903873	50.58796	83.70731	102.66005	119.28656	110.342705	119.308975	124.83451	39.47878	121.39932	116.85044	109.77049	119.38047	122.87336	56.958447	115.90536	26.316809	25.85176	109.89694	87.30588	122.96924	124.10362	115.75109	121.88374	121.301285	88.5883	113.566315	115.7759	124.72804
G001657315	101.0818	112.29989	81.88053	92.18987	100.10722	83.5889	101.58085	118.90926	96.53885	102.47544	106.254326	105.274216	82.05357	70.06776	111.48819	98.86457	98.14766	96.019295	92.55781	88.94993	88.30408	101.15267	93.14352	100.74322	97.27482	0.0	97.15543	83.14549	100.992516	116.01475	34.48854	90.536934	101.50314	82.40683	82.140854	102.71788	102.6558	85.74622	100.80487	103.3547	88.66943	95.26812	94.71521	96.215096	100.10285	91.941345	98.11622	92.20354	95.14395	100.91017	84.500496	109.07411	80.12961	106.61915	87.36213	88.46774	103.796036	115.734795	104.67898	93.834595	63.41795	91.07645	107.13153	93.11627	90.31599	76.74659	103.85042	82.54923	95.504105	83.48834	83.784584	111.040184	105.908165	112.4891	115.016716	92.41162	107.659996	108.44549	113.59563	124.96409	115.06841	94.99482	102.38346	88.246254	88.22781	104.428566	71.753746	112.61931	119.34309	108.933365	111.39436	111.33627	76.24802	102.834114	106.59416	115.44574
G900112005	115.74541	131.50131	61.796776	106.57106	111.39611	95.32281	123.65938	133.41061	58.305984	117.956	126.19817	115.69485	88.49478	105.74201	126.69422	117.906555	38.12949	34.198174	114.08695	14.047937	25.184877	116.54735	111.374435	118.787186	42.866066	97.15543	0.0	54.352413	114.146225	132.49562	92.16918	56.806366	113.83989	90.52291	91.63479	125.69186	118.263176	90.978195	115.95928	111.75754	47.4978	116.229675	33.64723	59.43388	116.75671	108.03084	119.25065	30.899216	48.1953	119.73547	93.32578	126.3562	95.63075	125.42346	51.805714	56.93343	113.16435	129.03012	121.9816	33.499886	100.69869	8.344263	116.53192	90.47519	94.32881	91.29127	113.9055	46.600895	65.7062	91.06287	108.121315	127.75939	114.93662	128.19592	128.1202	24.782242	124.67828	140.66681	123.100044	132.74869	122.07272	62.71407	116.42459	47.70192	47.187725	119.13822	95.83269	128.2704	131.51836	124.804504	127.677635	125.65324	97.62143	117.32274	122.079956	131.33469
G000325705	105.39847	121.43049	45.31478	99.34004	104.52388	87.274635	117.58613	119.99328	56.08072	112.73723	112.63844	108.265884	78.81007	101.79496	124.8289	106.60233	57.435394	53.652164	100.31912	54.071507	53.51811	109.95888	104.51325	113.80155	48.044113	83.14549	54.352413	0.0	108.93506	123.51469	87.51257	20.633705	102.76088	79.842224	86.72855	108.452736	108.16061	85.93072	107.882	105.39404	50.07082	103.72263	49.696568	52.230835	109.05238	100.615395	107.22487	47.987328	50.994934	105.73144	88.200584	123.41207	82.803795	113.8571	46.01271	37.426086	105.01437	123.37893	121.05403	56.189655	93.719284	51.417286	114.675446	93.68976	79.24191	83.96458	106.84369	49.744568	49.219597	87.67286	100.61825	117.13268	106.918816	119.13893	122.69753	52.528835	117.04313	120.348816	111.49438	119.043144	121.26488	52.211037	112.848885	47.650593	48.507034	105.91166	79.66618	117.946266	123.83842	120.77666	117.2447	116.25532	89.27116	113.188194	116.05296	121.27887
G000973725	104.96219	108.76424	112.1356	84.42323	82.94102	112.701485	107.89343	111.82465	116.89238	105.3007	102.80897	29.57603	104.54051	112.66672	109.83778	93.23228	123.67258	119.58245	86.021515	114.421005	113.73042	96.055984	27.776403	59.192657	108.38793	100.992516	114.146225	108.93506	0.0	116.378334	96.025276	111.357346	88.16446	112.5087	108.71449	52.995792	98.8707	108.376	50.76741	95.19289	108.80259	106.86721	112.647606	113.18921	90.08964	94.562164	14.347946	113.26656	108.492325	102.515274	109.24717	102.74466	103.3513	70.43761	107.86475	110.79909	19.282495	110.99683	102.76088	113.89598	114.69963	112.40874	100.86423	100.793	99.909996	101.54048	28.323486	104.43388	114.82576	104.41367	98.29777	105.68706	20.144524	106.88168	109.82046	112.23063	71.793465	114.05874	102.59115	111.41983	109.55795	117.89852	99.76144	110.50399	109.27097	94.66589	94.66935	74.761	79.31935	106.922134	72.16781	106.885315	105.42929	89.83494	71.45024	112.50431
G000374085	118.9875	20.810707	127.926895	100.14037	109.891266	120.07386	118.626236	22.955023	132.29831	118.730736	29.52603	113.64523	118.49172	121.9829	78.08026	76.66973	138.89256	134.49165	102.66113	128.4683	130.47075	106.33664	110.24874	113.59245	127.348465	116.01475	132.49562	123.51469	116.378334	0.0	114.479996	129.21057	103.05986	115.20711	115.22617	113.1504	69.929	121.48506	113.38609	102.93781	124.773735	120.773575	132.7283	136.7874	111.26762	106.60562	115.943596	129.64265	128.10008	38.018562	119.450356	20.798523	122.25531	118.41083	125.252014	119.82732	108.70161	20.424004	80.70614	134.27194	126.90275	131.0464	73.58817	122.84236	127.22594	117.01266	108.07846	122.73863	140.86876	118.87919	110.80913	76.14933	110.42499	79.72166	41.626053	132.14247	122.0871	91.91757	72.43195	20.4146	92.981575	139.84721	78.300476	124.29117	124.16342	107.02975	109.86205	120.35959	124.8591	40.34122	122.561195	74.32791	120.800514	117.463326	113.4578	7.2309628
G000331535	94.59793	113.8198	89.42777	87.73757	86.46487	81.94169	102.85355	112.51503	89.38966	101.76944	104.405975	101.15037	71.17655	60.85027	111.35139	101.05348	88.152405	89.12836	92.448204	83.58996	96.2444	94.84025	93.029434	101.185036	84.17678	34.48854	92.16918	87.51257	96.025276	114.479996	0.0	87.045876	98.11752	78.156006	80.31462	94.939186	100.240204	86.61102	95.98917	98.64484	84.06755	92.27161	87.41466	94.52736	101.36527	84.60957	94.15619	86.3095	89.94646	107.62434	87.15159	109.42984	79.36509	106.18983	85.43589	81.53943	97.20235	109.49679	100.768875	89.769035	62.60201	87.89497	104.94859	82.20562	77.98158	59.211136	97.558914	77.44894	87.1905	81.61565	82.57109	108.5763	99.24042	108.69455	110.833	92.43566	108.97948	109.41922	99.335556	112.26533	113.3968	92.521355	96.89669	84.52564	84.04406	95.53971	68.980255	109.196815	109.45897	103.30272	106.02854	110.368355	74.917206	102.21558	106.535995	112.667816
G000373245	107.50332	121.54193	49.94488	104.27945	103.91931	89.69622	116.081116	124.944664	56.959232	112.37541	116.14148	113.6115	83.81421	97.049416	128.10541	109.01072	61.87575	57.816387	108.491974	57.128086	56.99551	113.917534	108.16596	112.224754	51.03423	90.536934	56.806366	20.633705	111.357346	129.21057	87.045876	0.0	107.86669	82.44562	87.45615	111.92471	115.51844	93.61371	112.82167	108.20479	52.91798	106.08873	54.455723	52.538067	113.88961	100.73978	111.31921	51.603245	53.768276	109.96802	89.03064	124.282425	82.34508	116.32864	52.049366	41.277546	108.587494	126.04327	117.49415	59.040295	96.73274	54.562733	119.21868	91.55155	87.896576	87.82996	108.32474	50.908005	54.164062	89.61235	99.19748	111.39607	110.67532	126.08974	119.650085	54.68185	119.60973	116.165054	115.34452	128.15108	125.29321	57.32041	114.36864	50.667263	51.58328	110.541046	86.23568	123.967735	128.89139	120.25237	121.50038	116.51008	94.50023	117.65406	117.262276	126.87239
G900100765	105.036835	100.47415	110.07309	59.628513	76.39708	101.532234	101.98131	112.43705	111.95252	98.117165	88.67101	87.76668	96.87589	104.47954	108.709564	91.67755	117.17754	110.9736	89.408134	115.85017	110.517365	90.41072	83.5663	88.784325	104.21947	101.50314	113.83989	102.76088	88.16446	103.05986	98.11752	107.86669	0.0	100.625114	103.32819	84.310616	93.68712	102.94503	84.41694	87.79497	108.227684	101.28606	111.03194	113.83968	86.20417	91.12072	84.57752	109.69582	114.191025	95.88003	102.51788	105.18572	99.17035	92.924034	105.90337	105.37499	86.539024	111.368416	91.98157	111.39903	99.78527	111.911354	92.657776	100.473755	101.28617	99.10605	84.78061	101.916115	117.19728	104.21252	94.25141	98.08397	88.51886	103.58748	99.79352	117.04658	89.74616	107.97494	99.15803	111.213196	106.67923	117.43168	96.747375	108.735916	108.07632	94.83453	94.9521	93.4043	106.09275	99.4705	93.08105	99.42833	101.676895	83.074455	95.24146	105.37438
G001592935	107.91741	114.950935	89.55643	94.23031	99.81576	8.747433	110.272675	114.07738	94.11988	105.736206	110.06737	106.70805	69.7406	90.477875	116.6281	105.938	94.40658	89.830055	104.36119	94.5186	90.90078	105.14093	101.72598	107.893	82.076904	82.40683	90.52291	79.842224	112.5087	115.20711	78.156006	82.44562	100.625114	0.0	6.5261455	107.22876	102.02517	43.473038	102.18911	100.53951	84.02773	99.255104	87.460815	89.901405	105.03656	93.27007	106.53385	89.07197	88.99003	111.500374	7.7248597	117.39282	36.203205	110.14546	83.15323	84.756325	102.63182	117.618126	109.180534	95.99584	86.93405	92.48895	107.91457	44.71917	42.768898	84.6696	103.180664	83.27257	88.091354	69.67938	94.3992	112.80982	104.42798	114.04383	116.82887	94.02377	114.949814	118.50964	103.0763	115.29301	120.90294	87.74967	111.669785	83.871445	83.73914	103.01403	78.274796	114.88426	118.11081	112.6003	114.28219	114.18943	85.24645	106.56321	108.28658	119.052734
G001593005	100.670715	112.23243	86.81096	97.98279	102.210396	4.487121	109.0673	119.81112	92.7437	110.10311	109.43439	104.88072	71.17477	88.89901	114.161835	103.19543	95.050415	90.15459	102.03008	92.29167	90.34361	105.033394	100.432884	107.417725	86.466835	82.140854	91.63479	86.72855	108.71449	115.22617	80.31462	87.45615	103.32819	6.5261455	0.0	102.87185	102.051125	38.84894	102.39272	100.36645	85.15105	97.92119	86.33027	92.31934	106.78205	95.99605	103.229744	90.6678	89.35586	108.19755	3.358247	113.8476	40.17096	108.11874	86.26298	84.523506	101.17711	118.6402	103.60736	96.80971	90.35244	90.432884	100.77433	39.893845	40.828922	82.20988	102.356094	85.28372	92.138695	68.511246	88.79114	110.433525	102.76975	113.99045	115.106064	89.87157	112.64125	120.01144	103.296555	117.2751	118.09417	94.376816	104.31593	85.58468	85.11513	104.28448	80.0901	116.41173	116.194885	108.75849	117.98372	110.73523	87.641426	109.68196	107.94499	120.399956
G000473365	101.860435	105.48247	111.86009	80.918755	83.19473	103.295334	108.63651	105.77077	120.43404	102.060005	98.99887	53.111576	97.149216	102.76685	107.21679	92.8671	122.96799	111.121574	92.65076	121.86954	111.85797	95.70179	49.56129	47.276325	110.30997	102.71788	125.69186	108.452736	52.995792	113.1504	94.939186	111.92471	84.310616	107.22876	102.87185	0.0	98.42631	102.23751	42.853275	92.1021	109.47102	114.686554	107.64996	113.26686	89.20386	92.73356	52.46663	110.440056	112.20794	97.9482	101.76846	106.80316	105.822655	67.59413	105.69469	105.528275	51.4294	107.5028	100.555695	116.73637	108.279205	114.95468	98.3708	108.52976	107.53266	100.75051	52.00311	114.35879	111.95858	106.2211	96.47844	104.69204	52.73062	107.961876	108.895584	113.6758	71.40941	108.85677	99.19556	106.98766	107.22989	116.608696	97.35384	109.52264	108.9302	96.98612	96.994026	73.37196	72.99165	105.97736	71.2935	104.82387	106.59319	93.427635	66.752174	110.394226
G000482465	111.6386	62.237816	108.97201	85.756386	90.387924	110.59305	111.711044	65.7527	120.06922	108.02913	59.456276	98.38078	108.31666	110.658875	55.8562	62.59342	126.48882	121.01989	89.46459	117.28169	112.703285	95.64787	96.15219	102.347084	111.37536	102.6558	118.263176	108.16061	98.8707	69.929	100.240204	115.51844	93.68712	102.02517	102.051125	98.42631	0.0	108.47159	94.159744	94.2781	113.46461	105.93747	115.877716	117.65423	100.43516	95.91791	97.08354	118.097565	111.32287	55.922947	107.4929	62.200718	110.25961	102.72985	110.396965	115.230125	99.36797	63.9043	64.301346	123.325714	108.09143	112.91251	61.711693	112.63747	107.23076	100.45735	95.48305	112.11468	116.8646	109.788216	95.98749	55.031193	101.84844	54.728374	64.15526	111.18562	104.83057	78.58396	18.182785	64.93545	80.75505	117.47705	64.09618	116.594154	114.563866	96.591064	99.94855	109.11468	114.27383	60.7166	109.933334	52.319992	106.448685	103.158424	107.372536	65.314575
G001747105	100.21538	122.523544	90.64688	98.05416	103.33003	45.90347	108.87124	120.360535	93.05906	110.76104	117.35026	103.96555	76.49642	95.30851	119.95072	106.94221	96.09515	95.64595	106.302795	95.84186	89.40573	108.71432	105.54262	106.42891	87.064415	85.74622	90.978195	85.93072	108.376	121.48506	86.61102	93.61371	102.94503	43.473038	38.84894	102.23751	108.47159	0.0	106.990364	104.3177	87.63827	106.22692	90.502045	97.80064	109.08744	99.671326	103.14517	93.2134	87.33201	102.05638	42.445328	112.66798	17.514471	113.3734	90.82615	85.60023	107.65418	114.78204	108.88543	92.30631	93.839676	92.73826	103.68672	34.250507	32.543026	72.549835	105.635185	96.09003	97.31943	70.44259	92.316666	114.504974	108.975235	122.17571	118.65867	83.58731	115.25992	119.70196	111.96247	118.148125	125.70321	96.59703	106.32866	88.44495	87.86272	108.96428	86.839714	116.3929	121.20339	114.2314	120.63984	116.24872	87.36581	114.296135	114.21332	128.01924
G001647285	105.16094	109.465836	110.95263	82.20408	86.03898	101.67728	104.015816	107.418274	117.37375	102.86009	104.08	55.41313	92.574585	111.964714	105.56172	93.22716	125.26668	112.64196	86.387344	111.07602	111.38267	93.30742	50.75796	22.100506	103.691696	100.80487	115.95928	107.882	50.76741	113.38609	95.98917	112.82167	84.41694	102.18911	102.39272	42.853275	94.159744	106.990364	0.0	96.48164	105.903984	107.670074	109.5969	111.5716	85.79067	91.49024	54.607777	107.27356	119.30481	94.95428	101.36446	111.90379	110.627014	67.16887	107.36186	109.52996	53.06971	105.66093	102.6283	120.49365	110.36599	107.32127	95.54848	98.53359	104.03033	98.2677	51.920105	110.060646	112.61779	102.27177	97.70052	104.992775	54.95306	106.42759	108.066246	112.38486	69.54288	101.78228	95.09968	109.49212	107.08074	113.17907	98.9103	106.57199	105.64981	94.45449	95.61169	75.27926	79.65454	103.36988	70.09238	106.519066	105.27007	91.11737	70.162865	109.7402
G001890965	102.21205	100.33586	113.646614	85.78675	89.33242	99.484825	110.97935	102.17602	119.335815	107.03507	95.17398	95.36503	109.52659	107.197495	100.18691	86.46347	119.32946	112.00437	72.45835	117.260025	109.66906	20.414255	92.215385	94.90873	110.514015	103.3547	111.75754	105.39404	95.19289	102.93781	98.64484	108.20479	87.79497	100.53951	100.36645	92.1021	94.2781	104.3177	96.48164	0.0	110.16262	102.34421	113.77193	112.38591	99.8439	90.93738	95.48819	107.596756	113.05587	96.0458	101.53556	102.9705	101.268394	100.94865	109.66231	109.1505	93.249275	105.46355	92.27817	112.25504	109.59325	108.73192	92.20249	110.70027	108.37383	91.20016	91.60619	107.951096	115.62066	102.53828	91.66548	100.26385	94.76075	98.61523	104.17899	107.99258	103.91332	99.724236	91.28801	111.29478	103.85061	106.94961	93.76765	108.6923	109.10886	64.09388	96.77471	106.06124	108.414085	100.41704	108.123955	99.58965	103.40997	93.44324	99.97383	101.73299
G900107465	108.07281	121.58118	53.367752	103.20395	103.02826	88.715546	113.12147	125.87796	54.60232	110.85099	119.00298	108.667885	82.34029	96.33418	121.82601	107.52677	48.769993	47.077515	107.03965	45.604874	44.82996	106.69704	105.47389	111.900986	26.259062	88.66943	47.4978	50.07082	108.80259	124.773735	84.06755	52.91798	108.227684	84.02773	85.15105	109.47102	113.46461	87.63827	105.903984	110.16262	0.0	106.591995	41.908615	56.45525	111.14844	101.25164	107.80632	43.648754	37.808903	112.34213	87.030396	122.85602	88.77547	117.497	36.351295	49.35685	108.97641	123.25182	115.19769	48.435997	95.24565	46.219086	113.10725	88.27057	89.21623	87.538376	109.623505	32.28433	54.375954	86.00186	91.95548	118.27172	110.76564	120.637115	125.15418	44.435986	119.6176	123.305214	111.01452	124.8581	123.66663	59.82393	112.81582	1.1083407	0.31584927	112.1737	85.728584	121.94082	123.86446	119.53663	125.78827	119.436516	91.77572	111.086975	118.80305	125.90568
