	G000723745	G000382665	G000019665	G001914875	G000025905	G001804785	G001604605	G001604625	G001304075	G000428305	G001580195	G000382685	G000385295	G000155695	G000378105	G001804885	G000379365	G001803285	G001831055	G000980515	G001803255	G001872735	G000383735	G000020225	G001917295	G001803315	G001603055	G000173075	G000405145	G001647615	G000380785	G000170755	G001917935	G000406005	G000285795	G001613545	G001803205	G000383715	G001940945	G000739615	G900141815	G000437075	G000953475	G000817245	G001318295	G001919485	G001914855	G000172155	G000405125	G000172555	G000972765	G001578645	G000436395	G001439535	G000242935	G001438005	G000171235	G001580015	G000264605	G000402275	G000383755	G001683795	G001803225	G000372285	G000019965	G001017655	G000493945	G000526255	G001604585	G000438015
G000723745	0.0	214.94843	188.65886	147.90941	189.6599	223.5417	202.11623	197.93808	241.58011	117.91206	11.66607	215.23131	192.1445	193.2123	116.21477	220.68333	179.2928	221.6744	205.77124	5.130947	222.38232	200.17062	117.39179	1.4375198	2.6506515	222.99884	218.6704	137.83821	251.9996	12.035166	246.43022	238.19382	161.13553	240.32867	124.80725	137.16641	230.26833	180.46075	3.8435256	100.21252	109.01139	6.764069	188.49213	187.4353	157.6071	145.69571	152.39081	113.46154	245.39928	161.85504	195.56111	11.675622	3.1681914	193.85841	199.78487	173.20126	201.99968	200.7804	121.79869	249.65495	216.57451	56.69779	218.1068	236.79517	189.92264	219.30083	247.76794	179.01958	201.32277	213.20583
G000382665	214.94843	0.0	212.23332	192.33221	113.01174	223.48265	220.642	200.02379	240.93927	215.21976	210.7602	13.890689	198.05669	137.03156	210.72284	213.8662	202.80022	222.45349	142.12248	224.79709	218.2916	134.93901	217.72725	215.5915	216.44052	219.37605	217.94221	179.95155	254.35872	211.29846	249.065	226.39702	194.23753	228.90057	213.92538	181.75145	223.26125	194.5562	211.47897	196.60558	198.38033	217.98814	216.14265	208.83759	206.07779	191.69846	188.49268	182.03186	250.74231	180.15607	144.44861	210.80255	220.70926	115.91486	143.44756	193.71481	146.55777	151.69215	212.8835	261.42603	14.800409	212.76424	218.66362	239.68956	135.95546	223.33623	250.51158	200.06046	132.44658	149.47325
G000019665	188.65886	212.23332	0.0	164.74626	188.63339	205.73137	188.18901	189.86087	231.74599	189.63339	183.33664	213.74413	181.67491	193.3419	182.71791	202.63753	84.08638	213.60583	207.43184	188.95709	218.57487	191.20505	175.97478	184.7415	185.82433	217.99857	213.79202	148.68176	243.27165	183.47351	239.81218	228.42522	171.25339	230.69743	187.60048	147.84428	229.40001	166.93864	189.01929	168.20392	176.20895	182.25415	27.063723	27.173359	170.09134	158.98598	163.84157	155.47249	241.44617	157.84097	183.36757	183.33597	186.0561	194.03172	199.4941	132.4499	194.29173	196.26918	191.28749	245.76433	210.00816	187.49953	205.16212	232.81615	187.74634	217.18175	241.76274	81.810356	198.97998	211.04945
G001914875	147.90941	192.33221	164.74626	0.0	164.93283	198.59006	165.37886	173.80803	213.55159	148.70009	147.28242	195.0948	166.06229	165.66057	149.13194	195.3548	154.73631	199.41232	180.65259	151.58276	201.81131	170.66945	149.44725	148.71278	148.16577	198.2729	193.18741	87.07456	229.07484	146.38326	224.34633	214.72932	42.195305	221.75624	150.92441	96.00769	199.39702	148.37573	152.36607	131.3677	139.65411	146.25238	163.53912	161.30595	115.95183	7.378209	34.10541	118.74983	229.13954	133.59818	173.09381	147.30638	147.59554	173.27911	174.40492	151.72577	174.76788	176.57127	161.83551	228.93535	192.00917	151.30875	195.8797	222.33205	168.0736	191.50174	227.0245	159.81512	179.02803	192.24103
G000025905	189.6599	113.01174	188.63339	164.93283	0.0	194.33752	182.06094	182.4574	219.80417	197.4597	188.08307	115.85172	185.89995	111.64533	171.66054	202.42453	181.17694	205.17729	117.552	200.00517	194.0964	110.40272	191.94048	192.86559	196.5077	203.6606	205.16818	160.37654	233.02713	188.62247	226.70108	218.5247	182.85767	204.39429	206.25563	158.54132	208.70128	154.54759	190.24242	173.36534	167.83716	192.41463	192.81792	186.17479	184.59729	159.0344	173.54814	162.0507	229.10815	142.80942	125.87302	188.11899	201.03395	34.385197	125.93063	181.99149	124.66877	131.56624	202.14574	245.52718	113.80147	194.38727	202.59029	200.24289	116.04635	195.4301	225.43036	186.12923	107.72615	120.88635
G001804785	223.5417	223.48265	205.73137	198.59006	194.33752	0.0	194.80992	204.94801	210.86537	215.7704	209.0753	222.9744	216.44978	186.9522	220.58812	143.79857	201.51295	170.87193	206.05191	220.40736	175.83446	220.59384	202.98412	216.98184	220.69719	169.87552	123.86408	168.83415	221.56854	212.4485	221.1635	156.09451	200.33789	207.97992	223.83105	177.45125	105.37093	194.2979	214.00955	199.9956	205.71794	218.15965	210.48125	217.93932	203.99663	201.33253	204.7313	193.39813	226.75409	184.3244	203.26477	209.09543	222.6249	186.3751	199.11206	202.22775	204.82123	204.62595	214.50076	228.00238	222.68774	223.95206	61.342594	216.77061	197.05972	162.31323	220.2631	206.48572	200.19016	210.53802
G001604605	202.11623	220.642	188.18901	165.37886	182.06094	194.80992	0.0	135.59464	261.5479	194.18822	193.53001	217.799	132.10562	173.3919	188.62645	206.91676	185.97734	221.48573	202.328	186.32155	212.72006	187.40817	191.92172	199.86931	198.92462	213.29512	203.43419	165.76994	243.62288	196.48758	238.2797	224.99568	187.77611	220.51158	199.90155	159.71532	224.06262	131.5263	197.02524	168.30717	182.53072	196.4169	191.65639	196.77654	174.5099	169.14354	165.75056	167.9162	248.91891	96.7737	201.54903	193.55225	205.60336	196.0415	184.64381	172.60962	192.67036	186.1352	195.48454	255.66975	208.07161	187.24141	219.17188	234.63718	171.0366	206.24199	235.50156	183.9705	192.71725	213.73021
G001604625	197.93808	200.02379	189.86087	173.80803	182.4574	204.94801	135.59464	0.0	218.51405	191.07274	189.54579	204.87637	142.30748	184.92984	190.03125	219.03221	182.73859	200.94951	197.73946	188.8445	215.53847	192.7898	196.09486	190.21918	192.72673	205.76822	212.0833	148.26837	240.92693	189.95734	238.16809	229.48894	171.22063	230.04726	194.10074	157.2957	210.19206	122.73381	189.07207	178.19276	172.82124	190.80075	186.96953	189.94754	180.56494	166.63399	171.87694	159.14409	235.14044	115.116844	174.64001	189.51662	193.17502	178.19562	182.2189	175.72433	186.52968	189.0358	193.5498	246.9785	206.58766	193.36726	209.96866	219.46098	186.56757	205.31454	238.00069	168.74683	189.08487	201.8008
G001304075	241.58011	240.93927	231.74599	213.55159	219.80417	210.86537	261.5479	218.51405	0.0	243.9292	228.71858	245.46014	216.36311	209.44891	229.66092	196.44643	225.10919	210.82335	225.30452	228.94891	230.19925	232.82962	244.94545	233.76439	237.1968	208.59077	206.42145	201.97154	213.51239	231.40085	204.59126	222.17201	231.20634	167.87624	238.33139	202.76622	225.67041	210.51883	236.5769	232.6566	221.82576	241.0731	230.34715	233.9646	227.8827	207.63982	227.3792	209.91751	200.61916	196.58383	220.74092	228.68953	239.28816	222.1767	228.10437	222.56671	222.82399	221.51213	242.25018	205.3751	245.91817	236.9488	219.33308	171.83673	207.76143	216.52927	204.49895	227.34985	215.05087	233.68248
G000428305	117.91206	215.21976	189.63339	148.70009	197.4597	215.7704	194.18822	191.07274	243.9292	0.0	113.27738	214.45628	189.2944	194.31793	93.04007	222.78082	183.36536	219.1155	198.02826	121.46832	219.97769	198.67108	99.202896	117.70573	120.72778	223.90019	217.81676	140.47678	249.79065	114.71965	245.24518	232.53978	155.1799	228.31287	111.932304	133.42409	241.16566	171.62743	121.32853	66.27771	88.964424	118.46058	184.92842	184.7787	156.65775	148.28323	151.5213	118.873535	254.86089	154.45131	197.26808	113.290596	117.255104	180.26198	192.05063	162.62308	196.03542	200.36342	95.28721	247.66621	214.61058	114.08577	214.01086	232.37207	186.34608	232.97415	247.66132	180.31956	196.19106	211.7434
G001580195	11.66607	210.7602	183.33664	147.28242	188.08307	209.0753	193.53001	189.54579	228.71858	113.27738	0.0	211.54166	180.73819	186.46112	111.100624	211.67839	175.31621	214.66708	203.52147	13.220544	220.15756	205.16592	114.31184	10.538687	10.964612	216.18095	213.9217	130.3385	246.34068	0.28597394	242.27295	226.15068	156.10269	232.69437	120.78053	133.90396	226.78856	171.72641	11.92295	95.33041	104.714615	8.902699	181.34825	182.48048	152.70525	143.71486	149.108	110.411514	241.8233	157.79398	193.98357	0.00044684383	11.672854	193.6793	192.58769	170.44438	195.05115	198.3216	118.590096	247.95349	213.50108	52.65382	217.99458	233.87646	187.96123	212.60794	243.62234	177.1815	196.27509	207.3389
G000382685	215.23131	13.890689	213.74413	195.0948	115.85172	222.9744	217.799	204.87637	245.46014	214.45628	211.54166	0.0	196.16953	139.14017	218.29808	208.13054	201.6326	226.05824	146.47655	224.92894	217.84308	141.5792	221.47778	216.0504	216.29085	223.56697	216.49365	180.59447	256.2386	212.97902	248.73885	226.96214	197.28906	237.11676	219.19664	182.72697	229.55026	198.02855	211.12053	192.0561	205.04631	218.13016	216.54753	211.53017	203.47508	193.55276	194.67804	187.90773	255.18382	178.51176	147.66731	211.59381	221.62532	114.50718	145.44496	195.69682	145.40529	150.8203	212.17142	257.59055	15.55498	220.41704	227.99593	236.60135	140.17433	220.8733	250.02922	200.46341	136.24164	148.6245
G000385295	192.1445	198.05669	181.67491	166.06229	185.89995	216.44978	132.10562	142.30748	216.36311	189.2944	180.73819	196.16953	0.0	164.48878	180.2854	183.85817	180.13762	203.1231	194.43477	181.43819	206.59717	179.57164	189.96596	187.49976	186.88812	211.25963	198.64784	148.3466	234.45642	181.41817	232.09033	202.16667	170.26212	208.8299	188.45355	150.01518	218.26527	26.128834	186.71414	164.66501	176.95401	180.67023	185.84526	184.30276	168.4608	159.42119	162.0262	161.0472	229.32141	86.45492	174.25815	180.73747	184.10027	181.3955	184.53098	168.11028	181.13988	179.72002	193.0076	229.16145	198.3046	182.56741	200.57658	215.37259	171.34863	198.21202	229.80203	167.10506	183.07375	194.17276
G000155695	193.2123	137.03156	193.3419	165.66057	111.64533	186.9522	173.3919	184.92984	209.44891	194.31793	186.46112	139.14017	164.48878	0.0	181.33115	192.47066	175.15501	196.55365	129.58249	194.16463	197.8118	124.60374	189.52744	191.03795	191.20425	189.50821	195.96877	152.57193	228.62654	188.29875	223.28139	212.03616	178.2841	211.5947	198.5839	152.70789	205.10577	162.93219	186.84656	171.50327	173.3577	186.62415	186.32225	184.88518	178.03665	160.3846	170.1116	167.83699	229.69588	148.23706	96.4615	186.48824	196.96953	117.42151	104.18337	165.59952	103.82163	106.09301	186.43617	228.78633	140.9712	182.82092	198.51187	211.04219	94.74562	204.13474	222.1294	178.56812	118.48879	134.8838
G000378105	116.21477	210.72284	182.71791	149.13194	171.66054	220.58812	188.62645	190.03125	229.66092	93.04007	111.100624	218.29808	180.2854	181.33115	0.0	210.04103	180.16792	215.43872	198.314	119.10146	221.78554	190.35555	80.732155	114.52035	115.39549	216.5411	212.97208	123.87123	243.02283	113.13969	238.51384	219.60805	153.47682	235.68051	87.67609	143.61235	232.58961	166.70157	116.238625	82.34754	37.27437	112.14637	180.90796	182.15533	153.93867	148.20251	145.70195	111.01789	238.22684	162.03342	194.32657	111.11154	112.4436	184.64563	192.52745	165.2914	189.45105	194.80136	85.81929	243.65446	219.94238	112.926155	214.56242	231.12686	188.76065	216.24998	240.69177	173.01859	202.36517	201.49112
G001804885	220.68333	213.8662	202.63753	195.3548	202.42453	143.79857	206.91676	219.03221	196.44643	222.78082	211.67839	208.13054	183.85817	192.47066	210.04103	0.0	202.3054	85.59687	206.55476	210.28471	90.6745	192.644	205.27522	215.24895	213.25133	84.88486	166.40782	181.44424	221.14705	216.95145	212.52165	189.705	196.81627	207.48877	236.53877	180.24292	167.06564	192.01244	211.04576	189.69434	185.85391	217.73775	203.05576	212.74477	196.68521	190.29684	189.93318	188.66898	226.76251	155.46205	197.59013	211.68219	219.69919	194.5852	190.7277	193.64174	197.23387	197.16185	217.43677	214.87486	214.43108	210.38347	170.51965	204.74202	195.03615	124.81716	212.23567	196.118	194.35635	216.97856
G000379365	179.2928	202.80022	84.08638	154.73631	181.17694	201.51295	185.97734	182.73859	225.10919	183.36536	175.31621	201.6326	180.13762	175.15501	180.16792	202.3054	0.0	210.16432	202.27383	183.90527	214.58354	190.64105	180.01192	177.77579	179.32275	206.80832	211.74686	140.61888	233.98528	176.23038	230.1566	225.37077	167.16669	222.32698	195.05911	144.16542	216.04172	165.53946	181.23415	160.75075	169.486	177.15509	81.141594	85.01215	161.7634	152.59248	164.00069	152.61366	238.7506	140.66364	197.52493	175.30167	181.50168	189.25148	182.45665	126.093315	188.75172	194.68044	189.56012	238.88353	201.50357	183.03676	207.77182	226.82237	184.35637	212.8973	232.12134	19.992035	185.12111	201.71817
G001803285	221.6744	222.45349	213.60583	199.41232	205.17729	170.87193	221.48573	200.94951	210.82335	219.1155	214.66708	226.05824	203.1231	196.55365	215.43872	85.59687	210.16432	0.0	220.40147	223.87048	13.673955	215.28812	220.49269	218.49832	221.71915	4.0328717	168.43214	180.63593	225.27907	217.70322	220.62582	185.54158	201.04648	214.19678	224.99513	183.86754	178.3738	186.78595	216.01318	202.88234	210.16724	218.70886	208.99844	209.8466	196.83409	194.27522	200.37036	189.19945	223.48273	171.18105	199.8537	214.67998	223.3624	205.94359	202.50569	198.33476	205.40509	208.61986	221.06976	232.8553	225.0172	220.56091	167.77893	212.26413	196.54698	134.03392	219.91939	207.36142	205.13426	220.23036
G001831055	205.77124	142.12248	207.43184	180.65259	117.552	206.05191	202.328	197.73946	225.30452	198.02826	203.52147	146.47655	194.43477	129.58249	198.314	206.55476	202.27383	220.40147	0.0	210.79654	208.07816	89.330956	193.89304	204.13002	206.4722	217.5997	210.88744	167.54117	246.8394	204.59764	242.69815	231.51341	191.8586	227.3766	217.81366	169.79195	230.41975	177.1202	201.9962	184.86226	208.78526	205.50967	204.35362	198.79523	188.88606	185.73073	186.84335	171.0234	248.00705	169.869	143.68892	203.55249	210.85713	120.116394	139.1722	187.47093	141.82408	143.72461	205.09862	253.6525	150.3062	208.16951	217.53333	233.85135	133.64503	215.05028	240.81311	198.82704	120.549644	120.04406
G000980515	5.130947	224.79709	188.95709	151.58276	200.00517	220.40736	186.32155	188.8445	228.94891	121.46832	13.220544	224.92894	181.43819	194.16463	119.10146	210.28471	183.90527	223.87048	210.79654	0.0	226.02423	203.06479	118.18155	3.9083521	2.3859773	225.67844	222.99524	138.66206	251.21005	13.869966	245.36859	233.4994	165.29512	237.36343	125.56081	136.21422	225.9166	174.75336	5.0516095	100.67532	110.36146	8.359544	190.1208	192.20416	160.11885	150.08353	156.7219	117.35162	243.26454	151.65967	198.86606	13.2260475	4.4838266	203.30396	201.9151	179.46278	201.98804	203.26819	123.658936	246.87808	227.09871	56.458366	220.93457	230.72412	190.9164	217.17455	246.08972	181.4657	205.0953	217.36993
G001803255	222.38232	218.2916	218.57487	201.81131	194.0964	175.83446	212.72006	215.53847	230.19925	219.97769	220.15756	217.84308	206.59717	197.8118	221.78554	90.6745	214.58354	13.673955	208.07816	226.02423	0.0	201.51453	215.19093	222.5623	225.52908	17.265306	179.29515	191.16458	227.07367	223.1613	223.75775	203.40594	207.56766	214.02466	226.07904	186.36295	182.76259	188.89307	220.33665	201.27124	216.67355	222.11789	225.11623	222.25381	211.09299	199.26265	204.5272	194.73396	227.04575	187.07724	207.64427	220.1894	227.22675	201.92427	206.63866	217.49011	208.66739	208.81815	220.45145	238.08876	221.2337	223.29427	178.71806	223.95639	199.60165	135.45427	221.91505	209.52078	203.52081	212.8382
G001872735	200.17062	134.93901	191.20505	170.66945	110.40272	220.59384	187.40817	192.7898	232.82962	198.67108	205.16592	141.5792	179.57164	124.60374	190.35555	192.644	190.64105	215.28812	89.330956	203.06479	201.51453	0.0	196.15782	201.63376	203.19418	209.87222	211.19763	160.7034	252.64395	204.07533	237.31874	209.96027	184.61563	218.06528	214.61304	166.25877	219.39383	178.37529	199.29439	181.74849	184.10103	197.53175	200.57231	199.38815	186.72075	167.48247	188.84024	166.81355	231.5357	169.11134	126.70775	205.21835	205.92024	106.92312	132.6822	184.83803	135.21614	139.03146	203.40031	245.66016	137.4375	200.9003	208.99277	215.27676	122.8649	211.42766	236.44072	189.50464	107.23097	111.128494
G000383735	117.39179	217.72725	175.97478	149.44725	191.94048	202.98412	191.92172	196.09486	244.94545	99.202896	114.31184	221.47778	189.96596	189.52744	80.732155	205.27522	180.01192	220.49269	193.89304	118.18155	215.19093	196.15782	0.0	116.90752	117.345566	228.58472	216.4854	141.75606	246.74619	116.84458	245.49301	238.62674	156.25987	228.57976	26.384518	138.53445	205.18256	165.52312	121.86124	85.53872	74.80072	113.60254	178.31557	182.97495	156.82533	150.314	146.85184	113.36186	239.38326	160.05899	194.05043	114.31063	113.61205	189.72028	197.11958	169.63998	192.97087	206.59293	21.34945	252.47075	220.88954	117.28929	228.83675	226.024	190.80478	219.2844	244.7804	173.3229	197.4803	217.47763
G000020225	1.4375198	215.5915	184.7415	148.71278	192.86559	216.98184	199.86931	190.21918	233.76439	117.70573	10.538687	216.0504	187.49976	191.03795	114.52035	215.24895	177.77579	218.49832	204.13002	3.9083521	222.5623	201.63376	116.90752	0.0	1.6980369	220.61763	216.05649	134.70119	250.90442	11.118	246.258	234.64305	159.98413	238.37325	125.471634	136.92027	226.19029	175.3188	2.6283047	100.877235	107.47952	5.6297016	183.95242	184.24352	156.28934	146.87166	152.45609	113.77457	245.49211	157.41376	194.81355	10.540674	2.286568	195.13722	198.61223	170.77454	199.09525	200.17856	122.68072	249.39241	218.13838	55.440575	213.86934	233.44531	189.57698	217.2363	247.59225	177.1963	199.12923	213.65887
G001917295	2.6506515	216.44052	185.82433	148.16577	196.5077	220.69719	198.92462	192.72673	237.1968	120.72778	10.964612	216.29085	186.88812	191.20425	115.39549	213.25133	179.32275	221.71915	206.4722	2.3859773	225.52908	203.19418	117.345566	1.6980369	0.0	223.8567	219.26208	134.86595	252.57137	11.541948	247.01207	236.01048	157.77618	240.39519	124.247856	135.55292	226.57382	177.51274	2.6769216	100.45922	107.66978	6.1138935	184.10913	185.3697	156.04391	146.55307	153.36742	113.80165	245.68864	157.23058	196.52025	10.970745	2.2306187	198.586	198.30565	172.946	197.9555	199.43	122.43348	249.05525	218.44594	53.694695	219.10112	232.30879	190.4239	216.67706	248.36717	177.73944	203.1057	212.53914
G001803315	222.99884	219.37605	217.99857	198.2729	203.6606	169.87552	213.29512	205.76822	208.59077	223.90019	216.18095	223.56697	211.25963	189.50821	216.5411	84.88486	206.80832	4.0328717	217.5997	225.67844	17.265306	209.87222	228.58472	220.61763	223.8567	0.0	167.04924	185.24234	223.98772	219.31131	217.45552	179.81447	206.33057	214.119	233.21243	189.97334	181.83275	197.43703	218.19621	206.89868	211.07167	221.69583	210.95143	211.8994	204.01169	193.69879	201.33994	190.50702	223.5017	173.91016	200.06235	216.19888	227.43698	205.63988	196.51154	193.42834	204.37077	204.70622	225.95929	230.0496	220.83147	221.9897	168.76346	205.58101	193.88535	130.70943	217.16841	207.22853	203.48738	217.72379
G001603055	218.6704	217.94221	213.79202	193.18741	205.16818	123.86408	203.43419	212.0833	206.42145	217.81676	213.9217	216.49365	198.64784	195.96877	212.97208	166.40782	211.74686	168.43214	210.88744	222.99524	179.29515	211.19763	216.4854	216.05649	219.26208	167.04924	0.0	183.38445	224.82343	217.29079	218.5775	161.03105	204.97243	214.27513	228.54398	183.87279	133.61624	196.5565	214.99246	193.75697	209.07895	212.3121	209.84229	209.65439	200.33025	194.35211	202.74004	186.22873	221.93471	171.58403	193.01526	213.92842	221.30464	203.53407	195.73138	198.89517	204.13248	203.93362	223.39182	223.22162	225.4268	215.03291	129.51268	208.9517	198.61038	163.05142	219.22658	199.01434	201.20769	216.29543
G000173075	137.83821	179.95155	148.68176	87.07456	160.37654	168.83415	165.76994	148.26837	201.97154	140.47678	130.3385	180.59447	148.3466	152.57193	123.87123	181.44424	140.61888	180.63593	167.54117	138.66206	191.16458	160.7034	141.75606	134.70119	134.86595	185.24234	183.38445	0.0	214.68265	130.48914	208.80307	194.4831	87.62854	205.56609	140.94456	82.03685	193.23387	136.47983	135.94525	112.836945	129.48273	133.68456	147.23955	148.76535	100.40005	81.115875	86.04421	108.12786	204.32317	111.286285	161.1327	130.36806	133.28197	155.95259	160.1314	133.2267	161.40704	164.2046	146.91435	212.81682	177.66986	129.25601	179.67438	202.79573	147.44218	178.62128	210.16623	146.8684	160.11235	177.9524
G000405145	251.9996	254.35872	243.27165	229.07484	233.02713	221.56854	243.62288	240.92693	213.51239	249.79065	246.34068	256.2386	234.45642	228.62654	243.02283	221.14705	233.98528	225.27907	246.8394	251.21005	227.07367	252.64395	246.74619	250.90442	252.57137	223.98772	224.82343	214.68265	0.0	249.14795	4.959598	239.72258	228.91032	210.15465	254.40672	218.34077	232.96559	223.09471	251.18016	233.93744	238.59952	249.85315	247.64514	242.07756	241.15088	227.57251	225.59067	214.60611	18.446346	211.13364	235.25212	246.34996	257.52002	238.11385	232.19504	228.01991	229.88571	237.7651	257.36786	21.345818	263.58398	251.82875	228.73793	214.99675	227.15819	224.02779	4.8321805	232.04077	235.9743	258.7631
G001647615	12.035166	211.29846	183.47351	146.38326	188.62247	212.4485	196.48758	189.95734	231.40085	114.71965	0.28597394	212.97902	181.41817	188.29875	113.13969	216.95145	176.23038	217.70322	204.59764	13.869966	223.1613	204.07533	116.84458	11.118	11.541948	219.31131	217.29079	130.48914	249.14795	0.0	244.92554	227.75508	156.20764	233.8571	121.78713	132.67664	228.0932	172.00867	12.7957115	97.48363	106.94402	9.257404	182.20242	182.86816	152.05907	142.43437	148.73062	110.74404	243.58353	160.55058	194.20903	0.28852227	11.974161	194.20186	193.84105	171.10489	196.47263	199.2162	121.327965	250.3793	214.41177	52.60924	218.1278	234.83206	188.50237	215.37108	246.40984	178.09067	197.76343	207.74988
G000380785	246.43022	249.065	239.81218	224.34633	226.70108	221.1635	238.2797	238.16809	204.59126	245.24518	242.27295	248.73885	232.09033	223.28139	238.51384	212.52165	230.1566	220.62582	242.69815	245.36859	223.75775	237.31874	245.49301	246.258	247.01207	217.45552	218.5775	208.80307	4.959598	244.92554	0.0	237.13232	228.66989	200.83003	249.04291	210.50194	232.2462	226.13441	247.66904	225.82983	230.78731	246.30244	242.10994	238.64009	231.60727	219.5174	226.05788	214.33401	9.489064	203.85167	227.24316	242.28311	253.50221	230.3197	225.33481	222.29758	225.97546	229.42278	248.90399	9.706675	251.96843	246.41388	225.22235	199.38722	220.70981	216.42526	0.38082618	229.94975	231.73367	248.37598
G000170755	238.19382	226.39702	228.42522	214.72932	218.5247	156.09451	224.99568	229.48894	222.17201	232.53978	226.15068	226.96214	202.16667	212.03616	219.60805	189.705	225.37077	185.54158	231.51341	233.4994	203.40594	209.96027	238.62674	234.64305	236.01048	179.81447	161.03105	194.4831	239.72258	227.75508	237.13232	0.0	223.08281	225.20633	236.37341	196.22469	165.67323	233.13077	229.68188	223.09753	223.44678	223.33675	225.012	221.08315	224.08347	207.52531	210.37445	198.19368	244.30537	186.40295	218.52765	226.18256	236.32668	214.34474	216.51408	212.97028	214.75652	218.29372	226.08002	236.87947	260.08447	233.29639	160.08209	227.3632	211.14789	181.64902	238.91595	214.38367	217.55757	236.27457
G001917935	161.13553	194.23753	171.25339	42.195305	182.85767	200.33789	187.77611	171.22063	231.20634	155.1799	156.10269	197.28906	170.26212	178.2841	153.47682	196.81627	167.16669	201.04648	191.8586	165.29512	207.56766	184.61563	156.25987	159.98413	157.77618	206.33057	204.97243	87.62854	228.91032	156.20764	228.66989	223.08281	0.0	230.68828	163.45966	106.274734	211.73936	155.84123	157.92375	144.98277	147.70952	156.9977	172.59828	171.72574	126.94389	40.274117	44.27968	127.195175	231.99701	158.76031	187.63374	156.14201	154.78076	177.42804	181.1301	154.11823	179.9261	184.75621	171.76785	236.7569	202.70036	156.49393	210.90666	216.38806	174.65768	208.82281	232.108	161.30876	180.29102	193.1501
G000406005	240.32867	228.90057	230.69743	221.75624	204.39429	207.97992	220.51158	230.04726	167.87624	228.31287	232.69437	237.11676	208.8299	211.5947	235.68051	207.48877	222.32698	214.19678	227.3766	237.36343	214.02466	218.06528	228.57976	238.37325	240.39519	214.119	214.27513	205.56609	210.15465	233.8571	200.83003	225.20633	230.68828	0.0	237.10542	205.41234	229.51743	211.0369	237.69133	215.74081	220.34113	237.62527	230.06053	228.17891	216.77939	213.49815	212.757	200.382	203.16553	198.45526	215.12047	232.68166	243.80753	220.67648	219.83147	227.96136	220.6514	224.54485	239.69708	215.46764	242.83931	227.7933	207.388	75.90956	212.8409	220.17163	202.85031	221.96907	229.11696	234.73106
G000285795	124.80725	213.92538	187.60048	150.92441	206.25563	223.83105	199.90155	194.10074	238.33139	111.932304	120.78053	219.19664	188.45355	198.5839	87.67609	236.53877	195.05911	224.99513	217.81366	125.56081	226.07904	214.61304	26.384518	125.471634	124.247856	233.21243	228.54398	140.94456	254.40672	121.78713	249.04291	236.37341	163.45966	237.10542	0.0	143.14226	234.80634	173.76535	131.2432	93.048996	80.17619	123.90803	187.65022	189.55173	161.73772	145.65147	155.33351	119.40206	237.68991	167.46748	203.22305	120.79657	120.82043	203.8472	211.00385	173.86569	205.03021	207.5787	17.041847	252.05801	213.02531	115.694664	227.64658	243.27507	202.35036	233.22336	249.40373	184.85126	208.7269	217.15152
G001613545	137.16641	181.75145	147.84428	96.00769	158.54132	177.45125	159.71532	157.2957	202.76622	133.42409	133.90396	182.72697	150.01518	152.70789	143.61235	180.24292	144.16542	183.86754	169.79195	136.21422	186.36295	166.25877	138.53445	136.92027	135.55292	189.97334	183.87279	82.03685	218.34077	132.67664	210.50194	196.22469	106.274734	205.41234	143.14226	0.0	188.25044	139.50453	141.29118	122.53155	125.03117	136.33101	149.88757	150.69627	81.000824	92.76749	101.15225	102.39006	209.31738	123.97052	151.72037	133.95079	137.38557	162.49138	159.09677	140.5069	168.16238	163.99344	145.83185	212.66653	179.16989	132.99258	188.33957	201.36324	158.75087	176.64641	212.53458	142.2446	164.949	175.64316
G001803205	230.26833	223.26125	229.40001	199.39702	208.70128	105.37093	224.06262	210.19206	225.67041	241.16566	226.78856	229.55026	218.26527	205.10577	232.58961	167.06564	216.04172	178.3738	230.41975	225.9166	182.76259	219.39383	205.18256	226.19029	226.57382	181.83275	133.61624	193.23387	232.96559	228.0932	232.2462	165.67323	211.73936	229.51743	234.80634	188.25044	0.0	193.14812	224.52292	204.42482	214.2217	219.5765	215.29999	215.99574	206.86798	207.53033	210.82285	196.42259	225.02998	188.71574	208.71185	226.78773	226.96097	210.92538	213.6489	206.39684	211.929	213.33585	236.65785	240.66872	241.18578	217.18713	101.806854	216.22626	194.9548	179.90565	230.50104	208.1372	220.07796	225.47037
G000383715	180.46075	194.5562	166.93864	148.37573	154.54759	194.2979	131.5263	122.73381	210.51883	171.62743	171.72641	198.02855	26.128834	162.93219	166.70157	192.01244	165.53946	186.78595	177.1202	174.75336	188.89307	178.37529	165.52312	175.3188	177.51274	197.43703	196.5565	136.47983	223.09471	172.00867	226.13441	233.13077	155.84123	211.0369	173.76535	139.50453	193.14812	0.0	177.12708	163.15315	162.38342	171.77242	169.76253	167.82793	161.13947	151.21382	156.23776	143.14407	222.33337	76.15592	167.32423	171.7117	174.43756	163.61086	172.0403	159.39125	168.18681	172.45596	185.01654	233.42445	188.41776	174.0446	181.44577	208.43915	161.41475	193.10469	222.95432	161.25099	169.42662	192.39557
G001940945	3.8435256	211.47897	189.01929	152.36607	190.24242	214.00955	197.02524	189.07207	236.5769	121.32853	11.92295	211.12053	186.71414	186.84656	116.238625	211.04576	181.23415	216.01318	201.9962	5.0516095	220.33665	199.29439	121.86124	2.6283047	2.6769216	218.19621	214.99246	135.94525	251.18016	12.7957115	247.66904	229.68188	157.92375	237.69133	131.2432	141.29118	224.52292	177.12708	0.0	103.01276	110.74548	7.074501	186.5569	187.54034	159.3426	150.98564	153.17804	118.56843	247.5027	159.24374	190.23297	11.930603	2.5902202	188.8051	193.60641	171.56961	193.47897	196.49718	128.133	253.02875	215.99016	59.589222	214.8925	233.27818	186.68588	215.34094	248.79672	178.47858	194.72075	208.31158
G000739615	100.21252	196.60558	168.20392	131.3677	173.36534	199.9956	168.30717	178.19276	232.6566	66.27771	95.33041	192.0561	164.66501	171.50327	82.34754	189.69434	160.75075	202.88234	184.86226	100.67532	201.27124	181.74849	85.53872	100.877235	100.45922	206.89868	193.75697	112.836945	233.93744	97.48363	225.82983	223.09753	144.98277	215.74081	93.048996	122.53155	204.42482	163.15315	103.01276	0.0	71.29579	97.10303	167.62805	169.41292	142.7413	131.06029	135.05055	91.74348	227.91624	140.69966	167.07034	95.33912	99.82083	179.57234	182.29681	151.03741	180.24446	178.05493	86.75971	229.32358	196.14917	97.43851	200.88612	212.2138	169.42574	196.49881	227.22598	157.46747	176.35452	190.5769
G900141815	109.01139	198.38033	176.20895	139.65411	167.83716	205.71794	182.53072	172.82124	221.82576	88.964424	104.714615	205.04631	176.95401	173.3577	37.27437	185.85391	169.486	210.16724	208.78526	110.36146	216.67355	184.10103	74.80072	107.47952	107.66978	211.07167	209.07895	129.48273	238.59952	106.94402	230.78731	223.44678	147.70952	220.34113	80.17619	125.03117	214.2217	162.38342	110.74548	71.29579	0.0	108.290115	171.92923	175.78113	141.1204	136.49255	142.4535	101.3237	233.24081	161.6596	180.47935	104.71233	106.77984	188.17422	179.49487	157.07936	182.91298	190.60495	77.668106	232.70491	202.40694	108.51063	203.9486	232.22646	180.12364	206.3783	233.79262	174.3382	189.96129	200.3182
G000437075	6.764069	217.98814	182.25415	146.25238	192.41463	218.15965	196.4169	190.80075	241.0731	118.46058	8.902699	218.13016	180.67023	186.62415	112.14637	217.73775	177.15509	218.70886	205.50967	8.359544	222.11789	197.53175	113.60254	5.6297016	6.1138935	221.69583	212.3121	133.68456	249.85315	9.257404	246.30244	223.33675	156.9977	237.62527	123.90803	136.33101	219.5765	171.77242	7.074501	97.10303	108.290115	0.0	181.96393	182.22353	155.49626	145.08339	150.02904	108.92843	244.53853	156.44621	188.84119	8.904663	6.876048	194.44147	194.75804	172.18178	192.24446	195.28441	121.09523	250.87965	223.74168	54.679028	218.62044	232.14107	184.40384	214.61981	247.3008	174.07333	196.9333	213.39499
G000953475	188.49213	216.14265	27.063723	163.53912	192.81792	210.48125	191.65639	186.96953	230.34715	184.92842	181.34825	216.54753	185.84526	186.32225	180.90796	203.05576	81.141594	208.99844	204.35362	190.1208	225.11623	200.57231	178.31557	183.95242	184.10913	210.95143	209.84229	147.23955	247.64514	182.20242	242.10994	225.012	172.59828	230.06053	187.65022	149.88757	215.29999	169.76253	186.5569	167.62805	171.92923	181.96393	0.0	4.0469856	162.51466	156.97556	166.98283	157.84341	247.01749	151.80351	190.9478	181.34537	186.22037	190.6332	194.00168	134.06003	195.09204	197.0052	187.5165	248.84201	213.74652	184.59775	217.40135	224.28423	186.48167	211.70494	244.9467	80.54538	197.26945	209.33398
G000817245	187.4353	208.83759	27.173359	161.30595	186.17479	217.93932	196.77654	189.94754	233.9646	184.7787	182.48048	211.53017	184.30276	184.88518	182.15533	212.74477	85.01215	209.8466	198.79523	192.20416	222.25381	199.38815	182.97495	184.24352	185.3697	211.8994	209.65439	148.76535	242.07756	182.86816	238.64009	221.08315	171.72574	228.17891	189.55173	150.69627	215.99574	167.82793	187.54034	169.41292	175.78113	182.22353	4.0469856	0.0	171.71033	154.35107	163.81956	155.8298	243.88606	156.45921	189.64499	182.48329	186.31056	188.5308	193.71169	132.97186	193.9665	194.8744	191.72838	246.15924	211.24875	184.57689	213.14842	228.47339	183.81677	210.06552	241.58038	82.01899	196.50464	209.00842
G001318295	157.6071	206.07779	170.09134	115.95183	184.59729	203.99663	174.5099	180.56494	227.8827	156.65775	152.70525	203.47508	168.4608	178.03665	153.93867	196.68521	161.7634	196.83409	188.88606	160.11885	211.09299	186.72075	156.82533	156.28934	156.04391	204.01169	200.33025	100.40005	241.15088	152.05907	231.60727	224.08347	126.94389	216.77939	161.73772	81.000824	206.86798	161.13947	159.3426	142.7413	141.1204	155.49626	162.51466	171.71033	0.0	115.9675	119.86125	128.43594	229.25455	148.5894	180.59224	152.72227	157.4749	175.94698	183.06726	156.11462	182.24974	183.6975	162.89937	233.89386	199.08716	163.17516	208.1143	215.13495	174.87363	205.7798	233.03914	164.33163	180.868	195.36789
G001919485	145.69571	191.69846	158.98598	7.378209	159.0344	201.33253	169.14354	166.63399	207.63982	148.28323	143.71486	193.55276	159.42119	160.3846	148.20251	190.29684	152.59248	194.27522	185.73073	150.08353	199.26265	167.48247	150.314	146.87166	146.55307	193.69879	194.35211	81.115875	227.57251	142.43437	219.5174	207.52531	40.274117	213.49815	145.65147	92.76749	207.53033	151.21382	150.98564	131.06029	136.49255	145.08339	156.97556	154.35107	115.9675	0.0	28.219627	120.09729	222.20326	131.65497	171.32771	143.743	145.16132	165.82445	173.58855	149.24548	176.59657	176.9565	154.33932	220.60304	191.73352	147.37236	190.74513	212.48233	167.57053	189.29234	223.11899	156.41875	175.95573	185.04645
G001914855	152.39081	188.49268	163.84157	34.10541	173.54814	204.7313	165.75056	171.87694	227.3792	151.5213	149.108	194.67804	162.0262	170.1116	145.70195	189.93318	164.00069	200.37036	186.84335	156.7219	204.5272	188.84024	146.85184	152.45609	153.36742	201.33994	202.74004	86.04421	225.59067	148.73062	226.05788	210.37445	44.27968	212.757	155.33351	101.15225	210.82285	156.23776	153.17804	135.05055	142.4535	150.02904	166.98283	163.81956	119.86125	28.219627	0.0	119.247025	229.19054	143.39403	176.64415	149.13525	150.16458	172.0181	173.47638	150.58249	179.16959	180.95963	167.44052	236.17525	199.80988	150.69862	196.83821	228.41312	165.01575	201.74281	229.4582	156.67267	177.37685	190.22717
G000172155	113.46154	182.03186	155.47249	118.74983	162.0507	193.39813	167.9162	159.14409	209.91751	118.873535	110.411514	187.90773	161.0472	167.83699	111.01789	188.66898	152.61366	189.19945	171.0234	117.35162	194.73396	166.81355	113.36186	113.77457	113.80165	190.50702	186.22873	108.12786	214.60611	110.74404	214.33401	198.19368	127.195175	200.382	119.40206	102.39006	196.42259	143.14407	118.56843	91.74348	101.3237	108.92843	157.84341	155.8298	128.43594	120.09729	119.247025	0.0	218.31905	123.17268	166.00777	110.438034	117.08795	166.70508	171.40392	140.31612	163.65637	167.85742	122.76987	225.27563	189.38908	112.84602	184.10658	205.71786	155.91483	190.44846	216.50145	148.48825	161.26701	180.77876
G000405125	245.39928	250.74231	241.44617	229.13954	229.10815	226.75409	248.91891	235.14044	200.61916	254.86089	241.8233	255.18382	229.32141	229.69588	238.22684	226.76251	238.7506	223.48273	248.00705	243.26454	227.04575	231.5357	239.38326	245.49211	245.68864	223.5017	221.93471	204.32317	18.446346	243.58353	9.489064	244.30537	231.99701	203.16553	237.68991	209.31738	225.02998	222.33337	247.5027	227.91624	233.24081	244.53853	247.01749	243.88606	229.25455	222.20326	229.19054	218.31905	0.0	209.93182	227.92566	241.83893	250.51689	230.53139	232.06201	228.32979	230.63127	233.95798	244.1136	18.005991	255.33003	240.55553	223.94363	206.00758	221.86427	228.314	8.756062	233.71545	237.24579	249.15012
G000172555	161.85504	180.15607	157.84097	133.59818	142.80942	184.3244	96.7737	115.116844	196.58383	154.45131	157.79398	178.51176	86.45492	148.23706	162.03342	155.46205	140.66364	171.18105	169.869	151.65967	187.07724	169.11134	160.05899	157.41376	157.23058	173.91016	171.58403	111.286285	211.13364	160.55058	203.85167	186.40295	158.76031	198.45526	167.46748	123.97052	188.71574	76.15592	159.24374	140.69966	161.6596	156.44621	151.80351	156.45921	148.5894	131.65497	143.39403	123.17268	209.93182	0.0	151.14363	157.77574	162.10135	147.93846	148.74081	138.57703	148.7931	158.7369	155.33636	207.05002	169.65536	161.58527	180.41582	191.341	144.74359	191.6951	201.83136	148.34402	155.28563	164.02785
G000972765	195.56111	144.44861	183.36757	173.09381	125.87302	203.26477	201.54903	174.64001	220.74092	197.26808	193.98357	147.66731	174.25815	96.4615	194.32657	197.59013	197.52493	199.8537	143.68892	198.86606	207.64427	126.70775	194.05043	194.81355	196.52025	200.06235	193.01526	161.1327	235.25212	194.20903	227.24316	218.52765	187.63374	215.12047	203.22305	151.72037	208.71185	167.32423	190.23297	167.07034	180.47935	188.84119	190.9478	189.64499	180.59224	171.32771	176.64415	166.00777	227.92566	151.14363	0.0	193.9927	198.8421	118.90488	46.388474	165.04732	48.048985	65.382126	194.46751	232.19751	146.05464	207.70389	196.90395	218.58052	54.791946	205.65334	226.86465	192.02539	124.56124	143.44751
G001578645	11.675622	210.80255	183.33597	147.30638	188.11899	209.09543	193.55225	189.51662	228.68953	113.290596	0.00044684383	211.59381	180.73747	186.48824	111.11154	211.68219	175.30167	214.67998	203.55249	13.2260475	220.1894	205.21835	114.31063	10.540674	10.970745	216.19888	213.92842	130.36806	246.34996	0.28852227	242.28311	226.18256	156.14201	232.68166	120.79657	133.95079	226.78773	171.7117	11.930603	95.33912	104.71233	8.904663	181.34537	182.48329	152.72227	143.743	149.13525	110.438034	241.83893	157.77574	193.9927	0.0	11.679193	193.72177	192.60233	170.46436	195.05879	198.32721	118.587746	247.95607	213.54016	52.658714	218.00171	233.87643	187.96918	212.6288	243.63086	177.17162	196.30087	207.35834
G000436395	3.1681914	220.70926	186.0561	147.59554	201.03395	222.6249	205.60336	193.17502	239.28816	117.255104	11.672854	221.62532	184.10027	196.96953	112.4436	219.69919	181.50168	223.3624	210.85713	4.4838266	227.22675	205.92024	113.61205	2.286568	2.2306187	227.43698	221.30464	133.28197	257.52002	11.974161	253.50221	236.32668	154.78076	243.80753	120.82043	137.38557	226.96097	174.43756	2.5902202	99.82083	106.77984	6.876048	186.22037	186.31056	157.4749	145.16132	150.16458	117.08795	250.51689	162.10135	198.8421	11.679193	0.0	201.46231	202.87215	174.9361	202.42625	206.96132	119.904686	255.16545	224.93568	54.53978	217.765	240.06422	195.62276	223.70294	254.78163	178.21487	206.86546	216.56027
G001439535	193.85841	115.91486	194.03172	173.27911	34.385197	186.3751	196.0415	178.19562	222.1767	180.26198	193.6793	114.50718	181.3955	117.42151	184.64563	194.5852	189.25148	205.94359	120.116394	203.30396	201.92427	106.92312	189.72028	195.13722	198.586	205.63988	203.53407	155.95259	238.11385	194.20186	230.3197	214.34474	177.42804	220.67648	203.8472	162.49138	210.92538	163.61086	188.8051	179.57234	188.17422	194.44147	190.6332	188.5308	175.94698	165.82445	172.0181	166.70508	230.53139	147.93846	118.90488	193.72177	201.46231	0.0	130.63495	173.48427	128.59593	126.961494	195.87836	246.12584	117.46394	191.86137	207.42715	216.5499	117.92118	205.2547	229.20186	184.04083	110.80603	124.416405
G000242935	199.78487	143.44756	199.4941	174.40492	125.93063	199.11206	184.64381	182.2189	228.10437	192.05063	192.58769	145.44496	184.53098	104.18337	192.52745	190.7277	182.45665	202.50569	139.1722	201.9151	206.63866	132.6822	197.11958	198.61223	198.30565	196.51154	195.73138	160.1314	232.19504	193.84105	225.33481	216.51408	181.1301	219.83147	211.00385	159.09677	213.6489	172.0403	193.60641	182.29681	179.49487	194.75804	194.00168	193.71169	183.06726	173.58855	173.47638	171.40392	232.06201	148.74081	46.388474	192.60233	202.87215	130.63495	0.0	183.6695	19.292648	66.43689	196.2924	234.54732	144.88847	187.80669	201.04932	217.27895	55.00282	200.57782	225.38031	181.65422	127.5252	146.25919
G001438005	173.20126	193.71481	132.4499	151.72577	181.99149	202.22775	172.60962	175.72433	222.56671	162.62308	170.44438	195.69682	168.11028	165.59952	165.2914	193.64174	126.093315	198.33476	187.47093	179.46278	217.49011	184.83803	169.63998	170.77454	172.946	193.42834	198.89517	133.2267	228.01991	171.10489	222.29758	212.97028	154.11823	227.96136	173.86569	140.5069	206.39684	159.39125	171.56961	151.03741	157.07936	172.18178	134.06003	132.97186	156.11462	149.24548	150.58249	140.31612	228.32979	138.57703	165.04732	170.46436	174.9361	173.48427	183.6695	0.0	178.16035	180.37169	171.97548	232.75343	188.56128	167.03722	193.55554	211.2937	170.93536	190.00882	224.43773	128.20503	182.12663	193.69298
