	G001603925	G000397885	G001799925	G000020145	G900142455	G001799775	G001799975	G001462235	G001799795	G900143015	G001303705	G001875255	G001918595	G001799915	G001802045	G001577125	G001800205	G001302835	G001799745	G001784175	G900129735	G001603905	G001780165	G000010305	G000980745	G001304255	G001873075	G001800495	G002011675	G001800455	G001303225	G000146065	G001800425	G001462255	G001799565	G001800525	G001871115	G900142465	G000146505	G001577185	G001412425	G000474745	G002010615	G001800355	G001462305	G001603875	G001780795	G001789275	G001462245	G000404745	G001871125	G001304335	G001800635	G001045525	G900142545	G001799575	G001919145	G001462225	G001027545	G002010635	G001800015	G001800565	G001800475	G001780825	G001780805	G001508575	G001577135	G002011635	G001462345	G001800315	G900142505	G000980735	G000024665	G000980765	G001920195	G900142485	G000402415	G001777945	G001800095	G002010655	G000695095	G001304185	G001800235	G001800245	G001462315	G000522985	G000494005	G002011615	G001800325	G001303785	G001800375
G001603925	0.0	239.3167	248.28287	266.41006	58.102383	258.42737	249.61192	104.42764	265.67	23.636253	220.40445	263.06894	249.32741	263.99146	246.82475	244.96587	238.83574	222.97052	258.59387	251.64911	18.115606	11.133538	227.4132	243.4882	274.34552	260.0374	72.58095	248.66418	255.91121	239.00624	241.66313	250.01422	240.37685	200.89781	257.4075	239.65132	266.5716	29.168839	23.54657	241.8861	239.9096	214.6148	250.32408	243.7074	10.566987	65.38912	234.65468	195.71072	108.12717	244.58792	243.14565	235.73521	233.80971	190.47504	7.011424	261.19934	248.88383	110.22645	254.87988	248.87325	244.34454	233.12625	238.52182	225.42538	226.3583	253.29997	250.20619	268.36636	65.38912	237.60599	28.397835	268.52756	23.714767	276.806	238.34427	22.987143	247.05244	228.83733	247.61824	250.50053	246.52608	223.19843	238.7337	268.44687	0.0	238.11496	247.02457	245.61162	243.85803	233.22775	263.71103
G000397885	239.3167	0.0	223.08392	247.6656	236.89119	225.74399	212.6378	223.26987	235.23384	226.87373	184.2699	231.57831	211.42302	237.04398	210.12488	128.55412	204.6065	196.35518	230.02655	230.74466	235.56267	234.25401	201.4427	214.90836	236.34204	216.56238	224.58865	206.12994	214.91806	217.93095	209.99237	135.45955	202.77312	211.7455	235.46796	207.47006	238.34184	232.87328	227.7344	127.32591	125.100586	215.53625	225.23088	213.34172	232.91925	224.51968	201.33376	202.70741	214.7896	14.599779	210.80429	194.2011	205.2198	204.18336	242.14857	226.52159	207.80702	231.23973	220.46321	218.71288	222.59135	196.22714	209.08757	194.20555	190.83853	222.0784	85.54715	239.45317	224.51968	207.40627	234.09401	233.10454	228.20532	242.0378	202.01767	226.73091	133.1694	189.91478	218.71674	208.52715	219.31049	187.74667	210.83739	222.59744	239.3167	203.18651	133.18402	223.27748	204.85551	232.51433	219.74434
G001799925	248.28287	223.08392	0.0	202.51506	247.86067	188.65532	63.993042	239.06079	193.43565	255.3524	209.44489	235.55396	242.1471	194.10794	229.44528	229.07954	143.49548	209.6521	190.70386	218.61116	250.2667	254.13774	216.82468	240.66881	258.94193	245.36682	249.98003	155.81552	247.38533	142.77467	225.30835	230.92159	141.99435	232.60272	194.36296	139.04817	192.1293	250.13795	248.65123	229.9815	230.3961	243.22507	243.4922	140.15405	253.70538	241.91422	217.65622	227.41077	248.54446	232.86034	147.45691	217.75238	140.4268	224.3096	261.6712	187.39674	234.57945	247.29893	156.87627	237.78537	181.01224	141.06956	141.7774	214.37566	216.25246	235.46748	233.32631	251.93481	241.91422	141.79672	249.3934	247.84904	248.99666	262.6515	224.85951	255.44043	236.00217	215.98978	4.509435	236.37447	238.78433	208.42502	142.70708	193.2078	248.28287	228.65706	236.01945	234.42137	153.16695	227.86131	188.94678
G000020145	266.41006	247.6656	202.51506	0.0	268.35617	131.5424	197.08936	266.36145	143.13307	269.83203	221.29358	254.2936	255.31912	137.23788	233.47113	248.29613	181.85545	228.67473	134.77249	245.80206	264.24417	270.78485	241.15701	253.07838	267.13916	259.59912	269.30557	198.89891	265.65695	189.9246	247.71634	242.14484	180.43715	247.27644	136.10631	183.71068	141.40266	269.85623	270.73663	250.06308	244.85217	264.0602	262.204	187.81879	269.7685	249.99457	233.49095	230.98178	259.15106	244.6166	200.86804	231.69835	183.34776	244.05898	265.8046	131.7066	243.01855	273.77478	185.6189	247.83887	154.99527	181.00577	186.55022	238.65323	233.39423	249.50896	239.96066	258.67203	249.99457	186.13412	267.96362	267.85266	270.90173	274.88742	243.63231	268.54385	261.6	227.48105	197.69482	256.7617	259.73956	224.70273	187.92548	137.10097	266.41006	241.53954	261.60803	250.61082	189.7034	253.14894	133.82336
G900142455	58.102383	236.89119	247.86067	268.35617	0.0	241.3249	224.48802	98.2942	266.73126	57.252747	214.83066	253.61705	241.16762	259.6717	232.38333	248.17415	233.82426	216.48044	255.25333	245.6016	57.110104	58.197212	221.03984	247.134	264.41843	255.17918	66.23379	242.86943	257.91562	232.92401	236.91922	235.38747	234.92444	191.4421	254.98276	230.67554	258.88068	53.971172	57.148293	240.6103	230.22955	207.2898	251.64714	234.32329	57.832848	58.87689	226.27243	184.81485	98.40441	235.34009	236.10837	228.80345	228.53957	197.63712	58.617126	245.08096	233.09798	102.56434	239.54417	241.9353	251.45538	230.03076	233.2092	217.63908	223.0557	240.68413	240.6156	255.7005	58.87689	232.27023	54.41052	261.03107	57.25567	268.55557	220.26933	57.12671	236.08138	216.43452	244.72707	251.71162	245.84138	216.08957	234.0037	256.26044	58.102383	229.40385	236.07982	239.40881	244.26045	236.90404	251.55888
G001799775	258.42737	225.74399	188.65532	131.5424	241.3249	0.0	179.81058	244.80788	62.51173	258.90442	211.2822	242.21738	236.60974	60.187584	231.06467	239.94798	172.31314	211.37729	62.61722	221.0589	258.21646	254.85242	222.97453	237.5134	256.81918	243.86717	244.15112	178.18723	251.59937	171.44542	231.34982	237.84637	172.53612	233.86078	61.31385	171.8886	63.397392	252.49562	257.9585	236.1776	224.02841	242.2116	246.97882	173.95914	253.5744	243.4658	218.43436	230.8206	245.98227	232.35184	178.29868	224.9432	171.25522	229.56575	256.32425	0.37858418	237.16287	252.59772	185.6947	237.04086	146.3341	170.50493	173.0157	215.83514	217.24606	240.96829	239.55841	250.96397	243.4658	172.73395	253.35562	255.7056	258.29846	262.3113	223.86472	253.97916	236.9073	221.27176	181.80136	239.70699	237.8614	206.434	173.71146	29.932339	258.42737	227.75275	236.96696	238.5829	182.01764	234.22453	30.191418
G001799975	249.61192	212.6378	63.993042	197.08936	224.48802	179.81058	0.0	238.43073	199.34906	251.54866	208.09467	234.96469	239.41917	190.23764	227.23662	230.86443	143.63177	204.04782	184.43733	224.96979	248.66254	254.17784	215.98396	229.50264	257.65445	238.59161	235.18059	144.37517	251.39804	141.47311	229.85104	230.44147	137.64275	233.42581	191.61966	141.0189	205.45284	245.59108	240.48721	229.41235	234.16907	240.90164	238.51814	142.99445	254.14069	241.88597	232.68146	227.21672	247.29538	223.13669	144.30858	206.84528	143.46603	227.85057	260.38428	178.1124	232.22015	253.39421	154.955	229.31998	167.12526	145.47318	140.80357	211.22542	211.82727	233.81842	228.4057	250.96622	241.88597	141.5361	245.28453	243.0474	240.94257	256.87674	222.8794	251.51524	233.0216	211.6054	65.24093	233.5631	225.19983	203.2139	141.51346	187.5618	249.61192	222.51048	233.08022	226.08426	148.4353	235.04758	185.11333
G001462235	104.42764	223.26987	239.06079	266.36145	98.2942	244.80788	238.43073	0.0	252.75912	103.16877	207.11844	249.66818	228.34094	251.17616	224.7241	231.86142	224.54239	210.93248	246.0789	246.51382	103.517334	107.04701	221.2147	233.03864	252.76161	247.7001	99.44404	243.87161	247.11844	227.1739	232.489	224.17343	228.68153	195.48326	243.84534	225.00192	255.95026	101.56171	102.395485	223.40125	234.6223	200.12694	245.76514	229.05519	106.112656	90.07802	218.25945	181.57384	19.964859	228.21187	230.71864	216.71329	226.55174	182.94077	103.568726	248.1531	228.7597	23.364883	233.17798	228.57074	239.14568	224.63876	225.14282	213.00253	214.66869	246.07872	227.15306	248.96336	90.07802	223.67433	99.53153	252.77644	102.47679	258.50592	221.61156	103.65163	231.28735	213.21278	235.95273	243.22864	235.0582	212.69627	225.29135	257.01797	104.42764	222.64456	231.25949	225.75313	239.34525	233.29532	251.65329
G001799795	265.67	235.23384	193.43565	143.13307	266.73126	62.51173	199.34906	252.75912	0.0	267.37073	226.57458	256.15012	254.24603	59.9538	249.76466	244.25595	184.00194	233.58359	60.00749	230.05081	259.48657	265.15543	226.87956	246.3433	265.08295	266.24377	278.2576	188.59361	260.07303	184.85422	238.64076	248.58353	177.7114	247.45392	59.446507	181.93005	36.84619	263.03528	269.4478	243.16927	250.69278	254.82874	254.28465	183.7619	264.44754	253.16493	240.5386	241.67276	252.69539	234.76253	185.16129	221.789	181.02669	244.73062	266.39786	60.499424	248.9555	261.1927	193.1525	243.98383	149.38922	177.98117	183.37367	230.26619	238.17615	251.39023	255.14415	266.12994	253.16493	183.17673	262.3285	266.15814	269.7472	270.70187	229.5622	265.55096	247.19325	220.14548	189.15326	250.31216	238.97687	218.17891	183.88892	64.39762	265.67	237.34178	247.22807	243.74861	185.4184	245.93848	65.9037
G900143015	23.636253	226.87373	255.3524	269.83203	57.252747	258.90442	251.54866	103.16877	267.37073	0.0	219.46751	259.60312	249.29663	269.47775	234.21028	248.3579	239.09166	226.52077	265.1604	257.09915	22.547205	23.554148	228.33485	245.72893	266.99692	264.5929	71.328156	245.08806	253.412	241.75404	241.66185	247.06783	239.40413	198.0136	263.43375	232.51035	264.9289	27.335396	4.8455343	244.2151	246.60574	217.62648	257.96072	236.7234	22.867037	63.472343	224.68257	189.63742	104.73946	235.51566	240.13199	231.64641	237.10565	189.49417	24.711866	262.22137	241.27325	108.276024	245.2126	249.85782	257.3544	235.80632	239.30681	222.91599	223.6015	246.39941	242.0116	268.56036	63.472343	238.37427	27.375559	262.85968	4.8745584	273.72284	230.20909	1.362014	247.33713	226.2189	253.46593	249.52905	247.48354	221.02904	239.67418	260.2476	23.636253	233.12582	247.3035	247.59018	244.77275	239.07161	256.00952
G001303705	220.40445	184.2699	209.44489	221.29358	214.83066	211.2822	208.09467	207.11844	226.57458	219.46751	0.0	209.48105	199.07874	219.78484	189.83546	195.14383	193.13486	6.5745893	217.43097	213.22379	214.83963	220.63452	189.21954	197.53496	202.18782	188.1781	216.53639	208.83345	191.62079	193.22789	173.05667	196.77446	192.45882	201.76712	217.44061	193.14273	214.96465	216.15477	217.30704	195.62	191.11981	209.72513	185.93611	194.45695	220.1111	207.14957	173.11826	187.725	207.33327	191.38026	197.89574	113.39604	190.7326	197.41725	224.25766	212.52632	188.97868	215.65532	205.70541	179.79553	204.86174	188.1328	189.33348	167.21196	184.85347	181.63637	197.02791	191.35028	207.14957	187.45148	216.9445	198.62306	217.8129	204.59618	188.06212	217.85567	202.44438	137.94702	205.5001	183.28436	202.45921	5.1540775	192.03098	219.63963	220.40445	191.90018	202.3957	179.09135	200.77663	169.52943	209.766
G001875255	263.06894	231.57831	235.55396	254.2936	253.61705	242.21738	234.96469	249.66818	256.15012	259.60312	209.48105	0.0	244.9292	246.87389	237.26851	232.68936	230.73834	216.0386	252.25238	239.54863	258.91672	258.6258	225.05013	245.6438	264.43103	251.80045	258.60117	225.99791	250.57329	223.76836	237.80922	238.28192	228.15056	241.84035	252.87535	226.61513	242.39944	252.81087	264.01086	233.71504	237.33565	249.22153	248.28795	221.06383	258.49384	249.14346	220.27618	228.72572	249.75824	229.98848	235.47577	219.62453	224.22598	235.64354	250.90364	243.4697	235.10855	244.95154	240.04987	241.43822	244.1726	219.62177	220.46182	223.15936	223.91513	246.24582	244.16211	266.20944	249.14346	218.83331	252.14314	255.85063	264.27304	266.2106	232.65916	260.03076	242.4504	217.51743	240.74734	239.5701	241.2786	216.75945	221.03448	249.67244	263.06894	231.58699	242.4229	235.52339	236.85942	233.61192	240.78688
G001918595	249.32741	211.42302	242.1471	255.31912	241.16762	236.60974	239.41917	228.34094	254.24603	249.29663	199.07874	244.9292	0.0	246.35516	86.91877	221.56155	220.87378	208.23389	244.65704	230.04955	246.16469	243.58719	192.29704	124.471146	251.32237	230.6628	238.78195	233.10284	238.55344	225.01619	232.6358	227.0677	226.53172	227.59526	247.33148	218.90569	237.02234	237.83708	242.87231	220.89647	221.95267	214.1534	230.87523	216.9097	242.6493	232.92958	174.90169	215.40515	239.16891	220.7514	218.92635	234.06943	216.64197	218.68875	237.54814	238.49876	113.8466	235.29758	238.7823	228.97667	218.7529	213.23901	219.59189	178.42401	168.55058	240.60422	241.36407	251.75154	232.92958	216.85902	240.52094	249.93398	242.93703	256.42285	101.50693	250.21582	232.80247	216.72081	236.41833	230.55042	124.207466	217.45181	219.73515	239.81989	249.32741	109.738304	232.74803	225.45204	231.77518	233.6418	230.79765
G001799915	263.99146	237.04398	194.10794	137.23788	259.6717	60.187584	190.23764	251.17616	59.9538	269.47775	219.78484	246.87389	246.35516	0.0	241.46407	241.85501	185.19461	219.48552	5.2684164	232.62955	270.51437	272.38647	226.10872	244.4662	265.87338	268.29617	259.3379	181.4687	255.00308	176.6904	235.74951	243.52539	181.06267	239.13531	1.5966707	181.67615	58.26822	265.2623	266.173	237.19977	240.92368	253.88943	249.67804	180.14217	270.50363	258.32074	226.89368	240.63434	260.23706	238.8258	186.65234	223.65117	176.01697	228.24953	266.15573	57.70308	235.83907	262.5656	193.66754	238.3242	153.45369	174.3655	181.41016	216.82805	229.12643	247.05734	243.67099	268.8202	258.32074	181.76556	264.07657	260.3838	266.53174	268.79553	231.66449	265.966	237.01424	229.96117	193.80968	246.00508	243.65099	219.12233	181.61604	61.816788	263.99146	236.16063	237.04575	242.54553	188.37357	230.35771	62.299084
G001802045	246.82475	210.12488	229.44528	233.47113	232.38333	231.06467	227.23662	224.7241	249.76466	234.21028	189.83546	237.26851	86.91877	241.46407	0.0	218.93916	214.79736	198.53622	244.23335	227.2482	235.28793	245.57664	169.60988	114.79977	246.43478	227.03241	239.28465	216.0402	235.53732	214.10382	221.51227	221.78712	221.71588	223.42438	243.47202	222.37857	239.03351	227.65031	230.57025	217.90144	219.71576	228.71448	239.68533	217.54874	243.81642	227.2235	173.28209	233.05412	226.50558	214.10768	210.2916	215.32137	218.69403	226.1465	233.76106	231.03584	101.4398	231.73074	231.00482	229.81999	247.4244	212.6926	209.96597	164.29556	161.4735	225.68236	226.08054	235.78079	227.2235	207.42946	231.69057	243.05869	230.7843	257.191	113.48456	236.0821	226.6215	203.69186	223.78311	230.67047	108.6782	214.21771	210.89528	238.44987	246.82475	109.425766	226.57066	227.71767	218.25546	212.05463	224.6295
G001577125	244.96587	128.55412	229.07954	248.29613	248.17415	239.94798	230.86443	231.86142	244.25595	248.3579	195.14383	232.68936	221.56155	241.85501	218.93916	0.0	219.90186	200.57755	245.72354	233.56735	243.98958	246.39421	208.57501	232.16188	241.24748	223.38358	243.94757	228.0578	232.1731	220.5752	229.3303	111.23607	221.692	222.14279	243.80156	217.2386	242.70709	247.49586	245.4888	4.5943933	69.52354	232.53268	228.72913	212.43549	246.76419	228.82587	216.108	207.89914	237.55296	137.92491	225.00426	214.06967	212.1766	214.86308	239.0791	240.27406	224.45482	240.96997	229.25826	225.83559	231.81972	202.79123	215.12236	202.90009	206.4986	222.0787	142.47675	235.30952	228.82587	212.8289	246.93599	241.63908	245.83879	244.97218	217.37717	248.2136	69.566025	198.96227	227.05925	244.93681	230.2274	200.41222	215.61134	243.39598	244.96587	218.39966	69.50921	230.23459	234.55032	216.54381	236.07826
G001800205	238.83574	204.6065	143.49548	181.85545	233.82426	172.31314	143.63177	224.54239	184.00194	239.09166	193.13486	230.73834	220.87378	185.19461	214.79736	219.90186	0.0	198.78526	174.58711	212.94606	236.02643	235.57764	206.1394	226.2457	238.09206	220.7374	230.54335	123.99925	229.5567	9.78433	214.87659	218.20717	5.949608	221.11278	182.08887	62.315792	181.8217	235.1889	235.00536	219.34386	212.76999	233.2362	229.52061	66.64846	235.95432	224.59192	201.0497	203.67474	224.74976	207.19926	120.49866	209.66823	134.69382	217.1022	241.06322	173.30823	224.27986	225.27728	106.68492	223.55745	167.05962	134.0985	4.1133394	202.64917	199.16776	225.43703	219.83678	235.56056	224.59192	3.7433944	238.5246	236.67673	235.33014	242.19144	211.6151	241.25993	228.48547	198.4725	144.0601	224.29665	224.76562	192.34497	4.70191	175.12637	238.83574	211.78357	228.4927	217.07033	117.314476	222.11089	172.14699
G001302835	222.97052	196.35518	209.6521	228.67473	216.48044	211.37729	204.04782	210.93248	233.58359	226.52077	6.5745893	216.0386	208.23389	219.48552	198.53622	200.57755	198.78526	0.0	218.72624	215.67198	220.02751	226.92229	195.40114	208.86497	209.50833	204.42145	216.37207	200.1682	203.21936	197.22787	180.32721	208.71524	200.81628	203.51302	217.91707	196.22305	222.29762	220.73012	225.15826	203.14182	201.66367	209.78914	192.38324	196.15572	226.39961	212.09196	192.75891	200.22551	215.39928	202.8939	191.16664	134.6048	192.3088	202.35303	229.31705	212.61433	213.72809	218.25085	209.53862	186.2225	211.53477	189.505	195.16594	179.27763	201.15729	192.51396	204.8431	202.39334	212.09196	193.05602	221.92126	201.12033	225.77664	210.041	209.81126	224.58366	204.53978	146.2331	207.3885	189.73764	214.5235	10.475562	198.09338	228.7656	222.97052	206.19609	204.48338	182.83327	194.17358	177.18752	218.42648
G001799745	258.59387	230.02655	190.70386	134.77249	255.25333	62.61722	184.43733	246.0789	60.00749	265.1604	217.43097	252.25238	244.65704	5.2684164	244.23335	245.72354	174.58711	218.72624	0.0	234.34448	265.56787	265.60498	230.18457	246.07222	260.52728	258.76666	254.36913	182.31056	253.38565	174.2331	233.95226	245.89384	171.14163	248.58008	2.483762	176.33765	59.00774	261.20477	260.5558	241.74483	243.10112	259.80783	247.06888	179.29869	263.84637	249.65044	228.73381	228.59972	249.29814	231.286	190.6238	223.40453	179.4959	234.30638	263.95712	60.733772	241.90582	258.86932	193.41202	232.53656	149.62143	178.03477	175.85844	223.49109	231.57384	247.11089	242.08357	265.3928	249.65044	176.10516	259.87552	257.0904	260.9026	267.42493	233.53946	262.18356	240.6797	220.34818	188.95627	244.54149	247.4273	215.77524	176.06909	61.24221	258.59387	237.17632	240.71793	236.65128	182.07693	237.04823	63.658302
G001784175	251.64911	230.74466	218.61116	245.80206	245.6016	221.0589	224.96979	246.51382	230.05081	257.09915	213.22379	239.54863	230.04955	232.62955	227.2482	233.56735	212.94606	215.67198	234.34448	0.0	256.98514	257.01718	229.25366	237.38457	257.03015	259.31702	265.70694	225.80452	249.81227	212.14201	231.99588	241.73233	216.84344	232.19073	234.06671	213.69382	270.48907	253.57446	261.27884	237.31987	235.5676	262.66107	245.11748	210.54	257.21262	243.84474	224.31737	223.897	256.87967	220.22914	210.78233	210.01526	211.57576	222.85016	261.062	222.74612	242.37299	247.10309	221.5401	239.7586	221.28494	208.01598	209.92511	212.23576	222.19408	246.40784	238.51514	252.77869	243.84474	208.27704	255.05327	255.07564	261.80063	264.83588	236.03993	259.261	234.46	216.52242	228.20541	242.64548	257.2416	212.28937	212.954	230.74634	251.64911	232.4035	234.43623	233.10258	219.304	229.17174	222.48619
G900129735	18.115606	235.56267	250.2667	264.24417	57.110104	258.21646	248.66254	103.517334	259.48657	22.547205	214.83963	258.91672	246.16469	270.51437	235.28793	243.98958	236.02643	220.02751	265.56787	256.98514	0.0	18.435825	224.41972	243.04507	267.10153	256.5237	71.30824	242.58261	261.4959	241.71864	246.31628	246.9349	239.03262	194.54607	264.42966	233.3652	255.96182	27.815546	22.221848	240.40334	238.24872	203.64565	256.94766	238.01808	18.394499	63.65079	231.0727	186.02248	103.21924	238.35681	238.15573	233.23688	238.71304	197.6972	18.392437	262.1042	243.85497	110.989235	255.30699	244.74849	255.10924	237.55672	238.83719	223.93819	224.41064	248.65144	244.38995	263.41122	63.65079	237.33585	27.073145	267.01694	22.277542	269.31607	231.88518	22.049305	248.76932	232.68044	246.93465	257.27948	242.51811	218.28413	239.25217	260.1039	18.115606	234.4332	248.74083	242.26701	242.46046	244.46788	255.45781
G001603905	11.133538	234.25401	254.13774	270.78485	58.197212	254.85242	254.17784	107.04701	265.15543	23.554148	220.63452	258.6258	243.58719	272.38647	245.57664	246.39421	235.57764	226.92229	265.60498	257.01718	18.435825	0.0	230.14632	241.31853	268.35574	265.43777	73.31503	248.81802	253.00035	239.83655	244.33069	241.06195	238.02702	200.88622	265.575	237.27144	267.79947	29.502886	24.048536	242.08646	240.3798	207.858	257.14996	242.59975	0.108389415	65.31795	227.4613	187.88194	108.858826	237.87221	240.31514	233.81013	234.53502	198.45544	11.213202	259.06232	244.35548	110.06236	253.08667	248.23169	257.28568	234.5392	237.82278	224.9239	222.68996	253.93983	249.96155	264.48334	65.31795	236.62494	29.070704	264.7658	23.96505	271.69455	231.12526	24.502493	251.20558	228.16945	250.51357	248.73653	249.05513	222.26999	238.07466	261.46823	11.133538	234.79553	251.16885	244.88686	250.16899	247.75671	257.24683
G001780165	227.4132	201.4427	216.82468	241.15701	221.03984	222.97453	215.98396	221.2147	226.87956	228.33485	189.21954	225.05013	192.29704	226.10872	169.60988	208.57501	206.1394	195.40114	230.18457	229.25366	224.41972	230.14632	0.0	193.46587	236.43007	220.40923	212.30777	217.7848	224.4725	208.34363	212.43507	207.53842	204.8088	206.07927	229.31474	203.68419	237.3154	223.31235	233.40694	207.41066	205.0663	228.31099	222.06944	204.80513	230.436	218.92209	175.376	196.12721	221.92989	201.63962	206.0915	194.35396	197.99742	197.49936	229.79887	223.85992	201.92201	221.84178	216.13533	215.86087	211.87013	195.86499	204.63571	166.66711	171.04279	216.26608	214.04877	232.2065	218.92209	203.20459	224.56442	231.50874	233.92084	241.93527	165.76031	226.4821	215.65503	198.41876	219.97789	214.88844	190.60439	187.80206	205.8619	233.78664	227.4132	176.78209	215.67058	213.75795	206.94513	208.36252	229.45197
G000010305	243.4882	214.90836	240.66881	253.07838	247.134	237.5134	229.50264	233.03864	246.3433	245.72893	197.53496	245.6438	124.471146	244.4662	114.79977	232.16188	226.2457	208.86497	246.07222	237.38457	243.04507	241.31853	193.46587	0.0	256.52988	247.37085	238.13803	233.3222	246.03958	225.22974	227.2312	230.87248	223.11058	240.6713	245.4521	220.0702	262.37082	247.71349	247.2807	228.07047	224.54338	238.59389	239.10414	220.33525	241.12566	231.26906	175.03003	224.97829	236.81372	226.03961	222.46983	218.1246	220.5863	226.28098	237.09279	236.12744	92.476135	239.9174	233.64986	232.68808	235.38293	216.24641	222.50075	173.68317	170.16277	235.46324	231.72552	252.49844	231.26906	221.74136	246.2348	248.94627	247.60912	258.6656	78.2341	246.8296	230.32631	211.17203	235.78723	235.10631	23.126371	210.75395	223.72453	242.51521	243.4882	60.2656	230.32889	230.69775	225.33395	226.92758	235.57857
G000980745	274.34552	236.34204	258.94193	267.13916	264.41843	256.81918	257.65445	252.76161	265.08295	266.99692	202.18782	264.43103	251.32237	265.87338	246.43478	241.24748	238.09206	209.50833	260.52728	257.03015	267.10153	268.35574	236.43007	256.52988	0.0	205.53368	264.9197	256.55756	171.32404	243.29622	195.21617	246.41739	237.96078	251.3837	263.75574	239.73212	265.23352	264.24768	266.5795	242.33215	239.18987	265.38297	204.97183	241.44328	267.85193	257.64532	233.93613	243.92899	249.56543	238.81284	247.89375	216.9183	246.39406	243.9233	271.4264	257.39227	250.78513	268.69528	255.19165	158.77893	254.27486	242.32274	237.70297	227.22063	233.72604	218.29039	250.89001	174.68407	257.64532	235.59602	266.06927	11.086693	266.7433	134.34753	242.58713	266.6086	256.4992	209.62775	253.27281	167.83922	256.7722	203.93768	239.17072	256.9567	274.34552	244.52776	256.49097	158.58546	249.40138	193.87663	248.32495
G001304255	260.0374	216.56238	245.36682	259.59912	255.17918	243.86717	238.59161	247.7001	266.24377	264.5929	188.1781	251.80045	230.6628	268.29617	227.03241	223.38358	220.7374	204.42145	258.76666	259.31702	256.5237	265.43777	220.40923	247.37085	205.53368	0.0	256.67514	238.36555	204.19077	245.53351	73.270584	228.59631	228.8501	241.24411	267.537	226.7492	255.04694	256.317	260.85422	228.66922	216.37402	242.88904	182.02039	233.50934	265.28067	251.26471	214.25668	205.71362	237.02478	215.53131	237.65439	202.38507	247.2533	236.9298	252.6491	246.41182	253.98868	260.15485	240.63516	183.05522	245.85039	241.5639	226.807	219.52211	218.24155	213.65163	257.40897	201.23785	251.26471	221.99666	262.46445	223.07634	261.33075	214.69955	225.16866	256.65106	243.66592	196.44293	239.13475	207.72357	244.17612	197.6817	227.00677	248.49393	260.0374	230.40158	243.67114	186.00093	232.4967	47.277126	237.42468
G001873075	72.58095	224.58865	249.98003	269.30557	66.23379	244.15112	235.18059	99.44404	278.2576	71.328156	216.53639	258.60117	238.78195	259.3379	239.28465	243.94757	230.54335	216.37207	254.36913	265.70694	71.30824	73.31503	212.30777	238.13803	264.9197	256.67514	0.0	251.41887	245.55473	232.4593	231.01402	244.83026	238.42322	195.48193	254.04073	236.12305	273.99164	67.570946	72.66339	238.7894	232.66103	199.78017	242.0954	240.34943	72.5692	48.56372	223.31906	181.46227	102.062874	230.33505	242.29213	226.66722	235.58797	187.77457	74.09755	247.50462	234.18538	100.13816	251.60632	247.79025	257.94366	236.5882	232.76537	215.61604	223.17024	249.78651	241.74901	275.66806	48.56372	231.36592	69.20002	256.95535	72.905556	264.55505	231.14519	69.77928	240.35901	223.72748	244.40143	238.0917	239.57559	222.23317	233.93562	251.431	72.58095	233.92189	240.33734	244.33476	238.31868	236.22523	246.62656
G001800495	248.66418	206.12994	155.81552	198.89891	242.86943	178.18723	144.37517	243.87161	188.59361	245.08806	208.83345	225.99791	233.10284	181.4687	216.0402	228.0578	123.99925	200.1682	182.31056	225.80452	242.58261	248.81802	217.7848	233.3222	256.55756	238.36555	251.41887	0.0	259.8567	128.8518	237.4771	232.49799	128.17284	230.71123	184.73846	122.410034	188.56923	246.87164	248.3747	236.86882	231.29346	236.08005	240.62473	124.25389	247.94214	238.5649	210.79932	207.68578	248.19418	225.49503	95.9771	217.16075	145.8166	224.05023	252.1923	179.66978	220.2968	240.58295	142.5855	238.06131	190.52998	145.59781	124.0695	204.96692	211.70042	229.16527	228.78545	232.37141	238.5649	122.25941	247.62953	242.01337	248.74826	253.81097	214.86234	246.53622	226.0513	204.15952	150.76581	221.84618	245.51958	214.16017	125.743286	194.39273	248.66418	220.12558	226.0754	226.21078	41.57453	210.46141	186.7286
G002011675	255.91121	214.91806	247.38533	265.65695	257.91562	251.59937	251.39804	247.11844	260.07303	253.412	191.62079	250.57329	238.55344	255.00308	235.53732	232.1731	229.5567	203.21936	253.38565	249.81227	261.4959	253.00035	224.4725	246.03958	171.32404	204.19077	245.55473	259.8567	0.0	230.54053	181.0793	229.0339	230.60588	245.91054	253.30179	228.75758	256.80386	253.5564	253.22293	233.38654	225.56729	261.04782	192.06326	228.00874	252.92175	242.83014	225.3136	238.77676	243.18994	224.33202	248.27803	199.37808	230.67583	249.42392	254.60286	251.05675	239.98714	252.60793	242.89424	112.84238	239.46555	229.42142	225.83574	213.16212	220.93008	211.79904	230.8759	69.71152	242.83014	224.41238	255.22638	169.60376	253.21677	166.41786	235.52017	252.9134	231.06447	195.71176	244.16908	16.875309	239.20175	193.08382	225.5738	251.94308	255.91121	234.1275	230.97173	114.09877	258.54657	179.41467	245.10487
G001800455	239.00624	217.93095	142.77467	189.9246	232.92401	171.44542	141.47311	227.1739	184.85422	241.75404	193.22789	223.76836	225.01619	176.6904	214.10382	220.5752	9.78433	197.22787	174.2331	212.14201	241.71864	239.83655	208.34363	225.22974	243.29622	245.53351	232.4593	128.8518	230.54053	0.0	220.15207	223.30014	8.420795	220.2455	177.30612	66.41993	182.95837	236.34995	237.61325	216.36707	218.77809	232.72527	228.34517	64.84093	239.76253	229.67307	209.89253	221.57745	238.04648	222.12186	124.03853	199.5139	130.28111	217.15211	240.7882	170.90123	214.25894	231.97641	106.17389	224.05954	168.66537	130.32883	2.484063	196.91267	198.95088	223.80305	221.71654	239.86205	229.67307	3.2266467	238.75531	236.06288	238.01996	247.69029	211.09953	244.36986	222.29211	201.99883	145.31485	225.69875	224.22119	193.48518	2.6737115	178.31396	239.00624	213.69638	222.30367	218.73116	133.81203	220.65674	174.02104
G001303225	241.66313	209.99237	225.30835	247.71634	236.91922	231.34982	229.85104	232.489	238.64076	241.66185	173.05667	237.80922	232.6358	235.74951	221.51227	229.3303	214.87659	180.32721	233.95226	231.99588	246.31628	244.33069	212.43507	227.2312	195.21617	73.270584	231.01402	237.4771	181.0793	220.15207	0.0	228.24492	218.14215	228.41772	236.75995	213.25119	245.5938	238.86304	247.73825	235.10602	229.95422	230.72322	168.53825	215.77261	244.05978	226.77931	215.89366	208.81711	230.7013	209.82207	210.77248	194.01332	210.92464	214.98209	246.35254	231.67712	232.66327	237.93486	232.3212	174.63222	239.71542	202.17738	213.67519	201.37468	209.46112	182.74525	197.72252	208.32086	226.77931	210.5227	244.6438	194.9926	248.28058	201.07408	205.70518	237.07152	225.16695	183.52751	228.06004	181.39842	228.9165	175.64685	214.83966	249.9222	241.66313	217.44107	225.1529	171.86758	233.31093	56.30018	240.63739
G000146065	250.01422	135.45955	230.92159	242.14484	235.38747	237.84637	230.44147	224.17343	248.58353	247.06783	196.77446	238.28192	227.0677	243.52539	221.78712	111.23607	218.20717	208.71524	245.89384	241.73233	246.9349	241.06195	207.53842	230.87248	246.41739	228.59631	244.83026	232.49799	229.0339	223.30014	228.24492	0.0	220.398	217.57758	246.68184	216.72302	241.5376	242.32895	245.37785	110.39212	105.204506	244.11055	229.3967	215.70274	240.67618	233.53688	209.25085	213.8156	225.2127	133.74217	214.66591	204.89543	219.57057	218.21928	240.59416	237.73973	223.38719	241.24304	242.51085	220.39198	237.03267	213.01448	215.08623	204.03073	205.5549	237.688	147.44505	239.93584	233.53688	212.45114	243.0258	241.91943	245.62668	250.2417	216.92963	247.63503	112.458694	205.31313	227.17107	240.76054	226.30232	200.27666	217.06378	240.2862	250.01422	217.70139	112.487495	230.95677	232.7825	223.3382	230.83762
G001800425	240.37685	202.77312	141.99435	180.43715	234.92444	172.53612	137.64275	228.68153	177.7114	239.40413	192.45882	228.15056	226.53172	181.06267	221.71588	221.692	5.949608	200.81628	171.14163	216.84344	239.03262	238.02702	204.8088	223.11058	237.96078	228.8501	238.42322	128.17284	230.60588	8.420795	218.14215	220.398	0.0	223.67935	179.03839	62.636017	178.08969	237.68004	234.98878	218.36646	213.18048	227.32254	229.38158	66.30504	238.46524	227.966	200.73834	209.32878	229.97644	206.63763	126.24105	198.9101	132.50491	214.53537	243.45363	172.89403	220.16243	232.48938	105.202805	217.82878	164.2874	132.7263	4.512284	204.96837	199.97913	219.52025	216.13432	233.69884	227.966	5.3199024	239.60638	233.09894	235.38594	244.33975	206.21967	241.37524	221.62103	195.32138	143.64415	221.82419	224.40387	189.63783	4.505677	174.49574	240.37685	210.95007	221.65068	212.75005	123.34474	225.91563	173.51859
G001462255	200.89781	211.7455	232.60272	247.27644	191.4421	233.86078	233.42581	195.48326	247.45392	198.0136	201.76712	241.84035	227.59526	239.13531	223.42438	222.14279	221.11278	203.51302	248.58008	232.19073	194.54607	200.88622	206.07927	240.6713	251.3837	241.24411	195.48193	230.71123	245.91054	220.2455	228.41772	217.57758	223.67935	0.0	243.46428	220.92523	246.91153	197.3667	198.98709	231.6514	227.7322	128.07176	237.0715	215.83527	200.74437	186.23132	210.00642	155.53656	197.90285	217.7746	218.089	219.55916	219.94406	70.754555	194.41214	236.29668	209.51614	178.5764	231.34488	234.14017	233.62662	214.84256	214.97913	203.01797	210.31804	231.64313	224.32585	244.55792	186.23132	212.04657	199.0125	244.05475	199.36386	255.63599	215.35172	195.93362	225.41794	204.88167	230.43404	224.24472	218.04129	208.37202	217.84601	244.8721	200.89781	214.66638	225.38795	224.73106	237.76149	212.20523	232.12686
G001799565	257.4075	235.46796	194.36296	136.10631	254.98276	61.31385	191.61966	243.84534	59.446507	263.43375	217.44061	252.87535	247.33148	1.5966707	243.47202	243.80156	182.08887	217.91707	2.483762	234.06671	264.42966	265.575	229.31474	245.4521	263.75574	267.537	254.04073	184.73846	253.30179	177.30612	236.75995	246.68184	179.03839	243.46428	0.0	179.32593	58.354336	259.59967	259.70932	239.43765	241.24455	257.19623	248.48637	179.85777	263.7552	251.89986	228.27321	234.89584	250.05591	237.49817	190.15347	225.40541	177.52274	230.42043	261.6706	59.142994	238.76414	255.1496	194.7383	238.35413	151.8379	175.76152	180.8726	218.81325	230.18063	248.81276	242.91342	266.9534	251.89986	181.14595	258.1869	260.08618	260.0427	267.14697	233.66974	260.22125	240.62866	227.23253	193.36925	245.53758	245.32542	216.29724	181.15994	61.46203	257.4075	236.84988	240.65508	242.67162	186.9124	235.1883	62.824677
G001800525	239.65132	207.47006	139.04817	183.71068	230.67554	171.8886	141.0189	225.00192	181.93005	232.51035	193.14273	226.61513	218.90569	181.67615	222.37857	217.2386	62.315792	196.22305	176.33765	213.69382	233.3652	237.27144	203.68419	220.0702	239.73212	226.7492	236.12305	122.410034	228.75758	66.41993	213.25119	216.72302	62.636017	220.92523	179.32593	0.0	181.10304	231.54254	235.56718	218.23495	211.17189	228.46803	224.49957	2.1533642	238.34035	224.91992	205.76953	205.45937	227.61469	209.43823	119.32294	205.9302	131.0882	217.51108	247.51468	172.39575	224.10919	223.55434	103.7259	219.36818	164.81168	130.75659	62.066906	199.18199	200.24565	221.70297	219.7964	240.50612	224.91992	61.31126	233.85051	232.2103	235.98473	241.73563	206.09381	234.56648	224.729	197.57146	144.3018	218.40239	218.99394	186.48915	63.752743	173.35165	239.65132	210.78963	224.74673	216.13536	118.07344	215.74135	170.22806
G001871115	266.5716	238.34184	192.1293	141.40266	258.88068	63.397392	205.45284	255.95026	36.84619	264.9289	214.96465	242.39944	237.02234	58.26822	239.03351	242.70709	181.8217	222.29762	59.00774	270.48907	255.96182	267.79947	237.3154	262.37082	265.23352	255.04694	273.99164	188.56923	256.80386	182.95837	245.5938	241.5376	178.08969	246.91153	58.354336	181.10304	0.0	262.62274	264.84662	241.09456	248.57727	249.9193	252.53894	182.0863	266.6783	255.211	243.21028	243.77792	253.31767	239.2571	175.75558	228.01575	185.80574	241.71867	263.6479	61.41249	239.24434	271.25742	190.20776	244.4286	144.71887	182.1569	180.55147	211.96925	219.09587	253.87889	253.84471	261.09808	255.211	179.78242	263.4395	269.9654	265.23123	272.13922	234.36356	262.1331	246.87926	227.62881	189.97879	253.09425	250.7219	211.37605	180.84534	64.964836	266.5716	236.89809	246.91885	246.11166	182.43199	240.88863	63.869778
G900142465	29.168839	232.87328	250.13795	269.85623	53.971172	252.49562	245.59108	101.56171	263.03528	27.335396	216.15477	252.81087	237.83708	265.2623	227.65031	247.49586	235.1889	220.73012	261.20477	253.57446	27.815546	29.502886	223.31235	247.71349	264.24768	256.317	67.570946	246.87164	253.5564	236.34995	238.86304	242.32895	237.68004	197.3667	259.59967	231.54254	262.62274	0.0	27.676567	244.6066	225.2314	207.53226	247.0938	234.80128	28.829304	61.015564	229.2459	184.94418	104.50711	234.71802	230.9089	221.6606	235.73592	190.16962	29.063414	255.29205	239.6212	108.00814	243.97632	247.13391	246.8897	234.82986	234.74634	220.18358	223.16629	239.02452	239.8655	263.3847	61.015564	233.40277	0.83415246	259.81033	27.887909	268.60852	230.25945	26.880817	243.45197	217.09961	247.19853	249.73076	243.63211	220.116	235.67612	257.33804	29.168839	233.5977	243.43666	244.73178	238.70235	234.83118	251.53677
G000146505	23.54657	227.7344	248.65123	270.73663	57.148293	257.9585	240.48721	102.395485	269.4478	4.8455343	217.30704	264.01086	242.87231	266.173	230.57025	245.4888	235.00536	225.15826	260.5558	261.27884	22.221848	24.048536	233.40694	247.2807	266.5795	260.85422	72.66339	248.3747	253.22293	237.61325	247.73825	245.37785	234.98878	198.98709	259.70932	235.56718	264.84662	27.676567	0.0	240.13445	241.12994	214.20023	260.2661	239.19434	23.428167	63.514397	227.5281	188.03032	104.81648	237.72441	241.73409	226.52025	234.70192	189.97998	23.176558	261.18185	240.24934	111.2855	247.45413	246.20287	257.59818	234.23148	235.21404	226.20218	225.74812	249.36165	245.74445	263.21915	63.514397	234.41351	27.033155	263.93668	0.008946523	270.40872	232.16348	4.5530486	250.89594	228.2189	246.12225	251.0009	244.88324	219.92697	235.2784	259.21518	23.54657	233.65607	250.8713	245.44212	252.26628	242.63885	255.04076
G001577185	241.8861	127.32591	229.9815	250.06308	240.6103	236.1776	229.41235	223.40125	243.16927	244.2151	195.62	233.71504	220.89647	237.19977	217.90144	4.5943933	219.34386	203.14182	241.74483	237.31987	240.40334	242.08646	207.41066	228.07047	242.33215	228.66922	238.7894	236.86882	233.38654	216.36707	235.10602	110.39212	218.36646	231.6514	239.43765	218.23495	241.09456	244.6066	240.13445	0.0	71.056145	234.79497	227.30508	213.14977	242.33759	226.3106	211.00484	213.57698	233.40286	135.19508	233.28017	212.71619	216.78217	223.67421	235.5901	236.46931	220.2183	237.69897	226.43695	220.37683	234.83937	209.09285	213.1361	201.71167	203.80162	218.18439	138.82195	231.49614	226.3106	211.62927	243.13007	244.07568	240.41187	248.03802	213.69547	244.40782	70.01059	207.23691	227.98927	248.0509	227.93243	200.0945	213.07576	238.37274	241.8861	214.81729	69.96496	227.85915	249.4025	222.90804	232.66006
G001412425	239.9096	125.100586	230.3961	244.85217	230.22955	224.02841	234.16907	234.6223	250.69278	246.60574	191.11981	237.33565	221.95267	240.92368	219.71576	69.52354	212.76999	201.66367	243.10112	235.5676	238.24872	240.3798	205.0663	224.54338	239.18987	216.37402	232.66103	231.29346	225.56729	218.77809	229.95422	105.204506	213.18048	227.7322	241.24455	211.17189	248.57727	225.2314	241.12994	71.056145	0.0	236.27615	239.34555	210.65631	240.65132	232.13367	199.76392	209.91203	233.14186	135.45158	209.016	203.24986	222.25822	194.83618	237.50783	225.3188	215.64792	239.09166	224.1843	215.1981	233.15086	215.1631	210.65166	198.87645	198.07886	233.55598	138.85432	241.70699	232.13367	209.30402	225.95609	239.0779	241.49171	246.61261	208.11194	244.4377	75.484505	196.86452	223.9775	223.38065	219.88791	193.68674	211.75427	227.37292	239.9096	208.61581	75.47385	220.6324	207.83507	226.47644	221.73685
G000474745	214.6148	215.53625	243.22507	264.0602	207.2898	242.2116	240.90164	200.12694	254.82874	217.62648	209.72513	249.22153	214.1534	253.88943	228.71448	232.53268	233.2362	209.78914	259.80783	262.66107	203.64565	207.858	228.31099	238.59389	265.38297	242.88904	199.78017	236.08005	261.04782	232.72527	230.72322	244.11055	227.32254	128.07176	257.19623	228.46803	249.9193	207.53226	214.20023	234.79497	236.27615	0.0	250.35815	228.24246	208.63358	199.65463	213.51254	159.59158	205.7727	230.31602	246.49129	216.50964	218.86661	114.26349	203.16693	246.67377	255.85023	199.12964	239.4216	246.72504	244.80385	219.26648	230.11977	218.55457	214.65015	248.98787	229.928	237.71043	199.65463	228.07971	207.82033	249.22328	214.4787	266.5498	236.9388	213.22186	242.45114	222.06882	244.29538	239.47841	234.27269	221.2877	230.51407	254.93796	214.6148	226.06854	242.44868	238.4836	247.29504	239.95186	252.31033
G002010615	250.32408	225.23088	243.4922	262.204	251.64714	246.97882	238.51814	245.76514	254.28465	257.96072	185.93611	248.28795	230.87523	249.67804	239.68533	228.72913	229.52061	192.38324	247.06888	245.11748	256.94766	257.14996	222.06944	239.10414	204.97183	182.02039	242.0954	240.62473	192.06326	228.34517	168.53825	229.3967	229.38158	237.0715	248.48637	224.49957	252.53894	247.0938	260.2661	227.30508	239.34555	250.35815	0.0	226.5497	256.57257	241.5143	218.12257	226.29726	248.72113	224.59012	221.7264	195.33603	228.39291	227.40771	255.43169	246.79718	239.07831	244.62271	237.62872	187.05101	247.53403	221.53728	225.1458	213.00871	222.05876	201.80861	231.61102	195.96034	241.5143	222.3319	249.22159	205.21794	260.87997	208.68805	228.33086	257.4294	237.88977	193.31772	240.03746	193.85538	238.43658	189.99043	227.04198	252.79941	250.32408	225.93365	237.86017	188.34953	236.52469	168.90099	244.31247
