	G001007025	G000091085	G001796065	G000583875	G001796105	G000237205	G001897225	G000454725	G000204135	G001007145	G000011565	G000092785	G001007105	G000204175	G001796285	G001625535	G000470765	G000471025	G001625515	G001796175	G001007065	G001007125	G001714585	G000700845	G001401475	G000700905	G001736045	G000270425	G000687415	G000516655	G001736055	G001466415	G000508025	G000007605	G000508005	G000270405	G000191925	G000493885	G000756735	G000700865	G000700925	G001401455	G000024145	G000298495	G000270445	G001618265	G000009945	G000508065	G001794895	G000830965	G000750955	G001794905	G000298455	G000298515	G001794865	G001794935	G000068585	G000317995	G001401485	G001545115	G000253035	G001499655	G000298555	G000298415	G000298435	G000829755	G001563055	G000011165	G000338695	G001796275	G000211155	G000415685	G000415565	G001714565	G001007085	G000007205	G000174995	G001796185	G001796255	G000008725	G002007725	G000417695	G001714575	G000298375	G000751535	G001796095	G000470805	G000687395	G000813665	G001464115	G000270385	G000470825	G001796235	G000008745	G000417845
G001007025	0.0	0.008346083	255.9067	42.800156	253.61696	72.17506	57.555332	24.584608	12.6811075	4.4422875e-05	127.64393	107.701225	3.485441e-05	18.071657	94.47809	12.469297	12.875198	32.49541	12.79317	242.75902	0.0004646603	0.004961012	18.018198	12.097825	18.301645	12.095122	17.771717	17.816996	17.77189	0.12650461	18.094936	12.674615	13.00618	13.671464	13.032804	17.803549	18.057106	21.977493	172.32358	12.097825	12.097719	18.1505	0.11288584	19.733383	17.82256	108.757774	13.040193	12.7553625	94.00221	12.10704	107.06057	192.58089	18.348742	17.901716	93.97355	245.3927	12.01561	18.18832	18.196028	97.33408	72.21456	89.930305	18.292488	17.505665	18.187922	57.170635	18.156895	0.007294589	17.774529	245.47174	18.346867	17.752108	18.067457	17.909815	0.0003633018	0.0057892017	12.166499	250.89038	93.73734	11.836641	32.44684	23.171871	18.15257	18.110497	93.092125	246.40056	12.77478	18.063906	68.006996	163.59447	17.853405	12.665732	94.43981	0.0015494429	15.262466
G000091085	0.008346083	0.0	256.0807	42.721375	253.78783	72.15128	57.496983	24.49951	12.663025	0.008363889	127.563995	107.6886	0.008368121	18.0023	94.49311	12.447195	12.854089	32.423244	12.7783375	242.92139	0.007996258	0.0039004164	17.949085	12.058477	18.234867	12.055763	17.702923	17.748451	17.703289	0.13292049	18.02562	12.656036	12.985794	13.627126	13.012607	17.73513	17.987652	21.954752	172.23781	12.058477	12.058365	18.084885	0.11964244	19.669825	17.754177	108.74998	12.97692	12.735886	94.0168	12.067957	107.06722	192.5735	18.281685	17.834007	93.98801	245.4893	12.0099535	18.120737	18.130112	97.339485	72.13245	89.918335	18.225876	17.436365	18.120543	57.12277	18.088348	0.008261843	17.708895	245.6365	18.27938	17.68287	17.998096	17.84129	0.007935722	0.009389382	12.12735	251.06044	93.751564	11.82815	32.372257	23.064398	18.083712	18.041231	93.08024	246.57175	12.755437	17.994509	67.98894	163.65813	17.785076	12.647196	94.45409	0.0067662783	15.181089
G001796065	255.9067	256.0807	0.0	440.65625	0.37443128	124.6969	283.198	366.37747	238.03076	255.90779	409.0474	91.59223	255.90822	349.40082	72.18097	237.95708	236.76288	398.05658	235.61209	0.57440746	255.9267	256.1007	348.70352	238.29865	350.5852	238.29715	347.81003	347.9566	347.7281	258.94864	349.4029	238.3235	236.09879	328.1369	236.04897	347.99524	349.16605	180.11934	507.32672	238.29865	238.29782	349.46222	258.02975	359.1456	347.95944	90.14785	317.01016	237.03375	72.728096	237.69308	226.2911	57.87067	350.8251	348.47867	72.71976	20.750595	212.94043	349.96194	349.9523	142.88597	222.30327	127.01981	350.55264	346.98718	349.88644	251.88635	349.71713	255.69861	348.39124	0.36166936	350.8261	347.25726	349.1536	348.19077	255.96008	256.379	239.79921	0.2643566	72.96263	213.63936	397.8797	345.93127	349.55023	349.5354	121.4117	0.37615323	237.1935	349.13812	306.0493	32.7174	348.15652	236.91599	72.256714	255.90614	325.18817
G000583875	42.800156	42.721375	440.65625	0.0	438.09207	151.44394	58.89407	9.879704	61.458393	42.799297	85.24103	204.20947	42.798016	14.487634	203.09773	60.791534	62.12549	3.0984237	61.926983	422.43826	42.797707	42.77082	14.502287	44.83319	13.546304	44.831367	14.694605	14.740088	14.81615	41.598713	14.383513	61.400654	62.39543	17.6191	62.296276	14.721609	14.514217	78.555084	101.828545	44.83319	44.833954	14.180377	41.9767	12.234114	14.738207	206.40799	17.841597	61.950897	202.26732	45.148792	137.34804	321.25522	14.071739	14.643553	202.24886	415.4705	61.396027	14.306284	14.161713	158.15605	96.26412	163.12607	13.590831	14.715765	14.331504	70.46886	14.265016	42.829575	14.736021	426.3793	14.038721	14.82136	14.48815	14.499276	42.783627	42.57116	44.337154	433.22128	201.86366	61.147808	3.0714967	13.998225	14.379178	14.566504	169.83241	428.02316	61.933857	14.530612	66.18647	316.8759	14.644224	61.772594	202.98961	42.812748	18.816534
G001796105	253.61696	253.78783	0.37443128	438.09207	0.0	123.51823	281.21762	363.994	235.99422	253.6184	406.8797	90.79654	253.61864	346.87698	71.34097	235.89455	234.73041	395.59918	233.58186	0.6206151	253.63913	253.80849	346.18427	236.61188	348.08157	236.61057	345.3021	345.4427	345.2169	256.62753	346.88046	236.28421	234.08035	325.66003	234.02068	345.48358	346.64484	178.76031	504.84653	236.61188	236.61108	346.96738	255.70386	356.59683	345.44473	89.3598	314.59845	234.99124	71.88502	236.01541	224.30856	58.331142	348.30658	345.96152	71.87428	20.812582	211.35753	347.4537	347.4474	141.80614	220.76744	125.73839	348.0486	344.47104	347.37946	249.92625	347.1986	253.4147	345.8853	0.45305148	348.29846	344.74112	346.6292	345.68683	253.67188	254.08885	238.09015	0.3673868	72.11898	212.04233	395.40222	343.5916	347.03046	347.00836	120.1916	0.42121196	235.15701	346.6163	303.58408	32.372192	345.64087	234.86482	71.41307	253.61598	322.7433
G000237205	72.17506	72.15128	124.6969	151.44394	123.51823	0.0	57.56733	111.926025	81.00846	72.17745	123.79005	16.439463	72.175476	107.18229	17.70883	80.23159	80.283005	128.21895	79.58872	113.302574	72.20244	72.26581	106.76537	57.53787	107.51496	57.538586	106.53562	106.604935	106.622734	73.250374	107.04352	81.176956	80.16321	101.03107	80.12737	106.63237	107.05189	41.455597	187.60936	57.53787	57.537838	107.24543	72.93716	111.993774	106.604614	16.859318	92.05794	80.45964	17.408659	57.42691	57.276764	63.51329	107.99894	106.82045	17.432734	96.44505	57.931255	107.49505	107.39884	31.918196	28.89933	16.32516	107.51569	106.338356	107.46664	43.98284	107.25381	72.05037	107.47209	116.17823	107.748184	106.153465	106.96793	106.441284	72.210526	72.27944	58.089348	119.69242	17.34243	58.132328	128.15149	101.13161	107.165565	107.305885	16.56219	117.30879	80.72842	107.06969	86.18002	64.48564	106.69696	80.32819	17.715008	72.187675	95.28222
G001897225	57.555332	57.496983	283.198	58.89407	281.21762	57.56733	0.0	49.669086	76.253174	57.55936	26.564205	87.42227	57.55542	53.45128	96.609886	75.16483	76.22015	49.03119	75.64211	266.8955	57.580627	57.61411	53.122124	45.038834	52.61459	45.04083	53.359127	53.48461	53.59823	57.313206	53.16183	76.33936	76.47793	52.38793	76.29267	53.485573	53.379143	55.632393	54.620632	45.038834	45.039608	53.164513	57.26906	53.490337	53.476295	88.97461	46.667744	76.30002	95.95688	45.30658	33.465755	181.081	53.578453	53.55611	95.99012	248.49226	61.880524	53.49689	53.272434	52.722683	13.995666	53.78811	52.71461	53.492283	53.575443	8.935249	53.15537	57.449482	54.46879	270.5158	53.16682	53.2691	53.274235	52.91384	57.570896	57.434532	44.931572	275.7217	95.727165	61.964836	49.00824	46.536053	53.23416	53.75174	58.306946	272.2184	76.53363	53.40302	23.059446	194.20006	53.389282	76.06567	96.51996	57.57102	50.92622
G000454725	24.584608	24.49951	366.37747	9.879704	363.994	111.926025	49.669086	0.0	42.86872	24.582952	91.7948	156.6427	24.582863	6.2689147	152.27309	42.35166	43.30918	7.0076194	43.197365	349.46472	24.58707	24.55917	6.2429686	24.092007	6.005162	24.090767	6.3672085	6.368413	6.3935323	23.875877	6.2273493	42.849804	43.54862	8.882476	43.492104	6.360442	6.2716684	48.74783	118.17332	24.092007	24.092194	6.1997333	24.12367	5.7593575	6.3739676	158.48097	7.6203914	43.137688	151.55124	24.325317	122.73375	257.86777	6.2225204	6.33601	151.52867	342.28824	33.929173	6.2380004	6.1688986	124.93147	76.48061	122.5329	6.017275	6.391269	6.2281966	54.80101	6.2314887	24.57104	6.469045	353.34274	6.2192106	6.322674	6.2519183	6.242361	24.57952	24.45257	23.939718	359.71298	151.17017	33.68603	6.9154873	2.575839	6.240979	6.309299	127.84674	354.9531	43.25192	6.264422	58.645824	248.33429	6.344333	43.026894	152.20067	24.598715	8.364279
G000204135	12.6811075	12.663025	238.03076	61.458393	235.99422	81.00846	76.253174	42.86872	0.0	12.677416	154.04916	111.03548	12.676391	32.198284	93.42795	0.10727975	0.118555956	47.062435	0.12479588	226.29214	12.664117	12.670979	32.123394	16.279669	32.60638	16.279985	31.715342	31.789598	31.680204	12.849861	32.2346	0.0022008007	0.08836871	24.19707	0.09500661	31.78499	32.149803	19.743193	200.5578	16.279669	16.279358	32.310658	12.796261	34.337032	31.796621	112.09577	22.8669	0.045452144	93.078636	16.193476	116.01282	191.615	32.534508	31.927464	93.03639	236.19228	15.123119	32.48104	32.492935	103.37731	86.06	100.10039	32.603786	31.48764	32.491837	73.37657	32.25943	12.635237	31.7217	228.57639	32.548172	31.738262	32.173656	32.02934	12.671617	12.683374	16.356155	233.72676	92.82904	15.098043	46.914753	39.03739	32.29069	32.252155	102.54965	229.14093	0.06550613	32.145123	77.47944	155.29213	31.846308	0.05874622	93.35475	12.672552	27.27707
G001007145	4.4422875e-05	0.008363889	255.90779	42.799297	253.6184	72.17745	57.55936	24.582952	12.677416	0.0	127.647896	107.705124	2.1013158e-05	18.070786	94.48217	12.465488	12.871276	32.49474	12.7892885	242.76047	0.0004857971	0.0049090353	18.017252	12.095343	18.300888	12.092636	17.770893	17.81617	17.771034	0.12665161	18.094084	12.670928	13.002663	13.671516	13.029269	17.802692	18.056234	21.97591	172.32881	12.095343	12.095228	18.149824	0.11291973	19.732807	17.821674	108.76183	13.039423	12.751745	94.00607	12.104548	107.062935	192.5842	18.348022	17.900848	93.977486	245.39949	12.014054	18.18753	18.195337	97.33796	72.21967	89.93347	18.29177	17.505165	18.187199	57.17358	18.156115	0.007287904	17.77368	245.47359	18.346193	17.751308	18.066574	17.90898	0.0003986289	0.005802201	12.164004	250.89177	93.74131	11.835169	32.44617	23.171007	18.15175	18.10958	93.09559	246.40193	12.771268	18.063011	68.008446	163.59602	17.852575	12.662118	94.44382	0.001559074	15.261728
G000011565	127.64393	127.563995	409.0474	85.24103	406.8797	123.79005	26.564205	91.7948	154.04916	127.647896	0.0	163.69897	127.64171	103.64821	187.71309	152.48419	154.24669	80.47721	153.25092	390.2138	127.67216	127.69901	103.271706	105.68957	101.87511	105.69718	103.87277	104.00231	104.23006	126.95159	103.20351	154.13756	154.38615	105.05046	154.21724	103.99528	103.60276	126.918304	14.7358675	105.68957	105.69114	103.19413	127.03159	101.06385	103.984886	165.91287	97.59692	154.16417	186.80914	106.17894	51.866905	279.4541	103.392784	103.982574	186.87062	363.24707	136.15309	103.612465	103.26612	99.8748	42.903896	111.586815	102.00876	104.35377	103.73111	34.583347	103.09516	127.5454	105.18408	394.3588	102.83968	103.80579	103.41024	103.09315	127.65063	127.4239	105.211075	400.09973	186.52307	136.36926	80.510155	90.99893	103.27965	104.010895	118.44105	396.3967	154.5087	103.64951	42.390198	311.196	103.8296	153.95401	187.5767	127.6386	104.483925
G000092785	107.701225	107.6886	91.59223	204.20947	90.79654	16.439463	87.42227	156.6427	111.03548	107.705124	163.69897	0.0	107.703384	149.89336	13.932192	110.28717	109.993004	176.10942	109.30393	81.85675	107.718506	107.83001	149.3351	86.63456	150.21687	86.63548	148.97357	149.09288	149.03876	109.14749	149.73499	111.24374	109.72563	139.93282	109.59087	149.1174	149.6876	60.26378	236.6715	86.63456	86.633995	150.02678	108.73144	155.95686	149.07826	0.12718204	130.36302	110.32351	13.761038	86.429985	77.02412	38.94968	150.80746	149.4721	13.786529	64.29517	82.166214	150.2758	150.1579	28.364729	47.81096	17.08443	150.23402	148.77411	150.24452	70.983795	149.96146	107.51682	150.08875	84.33084	150.58289	148.56113	149.6198	149.00536	107.73496	107.843994	87.39105	87.28729	13.764276	82.6752	176.04358	143.04535	149.87466	150.0008	15.766114	85.61066	110.66923	149.6362	116.833	44.35314	149.19109	110.229454	13.926892	107.70562	134.98859
G001007105	3.485441e-05	0.008368121	255.90822	42.798016	253.61864	72.175476	57.55542	24.582863	12.676391	2.1013158e-05	127.64171	107.703384	0.0	18.070007	94.48019	12.464426	12.870367	32.493053	12.788224	242.76097	0.0004988608	0.0049636825	18.016582	12.093714	18.299875	12.091009	17.770094	17.815393	17.770395	0.1266411	18.093235	12.669921	13.00151	13.66962	13.028235	17.801939	18.055521	21.974815	172.32108	12.093714	12.093605	18.149048	0.11302711	19.731606	17.82094	108.759964	13.037766	12.750696	94.00419	12.102927	107.05607	192.58496	18.34706	17.900078	93.975395	245.39816	12.013834	18.186811	18.194548	97.333916	72.21557	89.93009	18.290665	17.504284	18.186398	57.16874	18.155228	0.007252679	17.772879	245.4738	18.34527	17.750513	18.065847	17.908188	0.00039861575	0.0057993606	12.16236	250.8922	93.73937	11.834857	32.44446	23.171026	18.150917	18.108816	93.092255	246.40237	12.770148	18.062407	68.00325	163.597	17.851812	12.661096	94.44189	0.0015916278	15.260974
G000204175	18.071657	18.0023	349.40082	14.487634	346.87698	107.18229	53.45128	6.2689147	32.198284	18.070786	103.64821	149.89336	18.070007	0.0	144.39899	31.743238	32.545483	9.404355	32.501682	333.1294	18.065447	18.047066	0.0074349158	20.638323	0.16148284	20.63848	0.012301655	0.010809446	0.015679747	17.328478	0.004899482	32.147556	32.75082	2.9237816	32.729473	0.011241455	0.003953655	42.446243	134.04247	20.638323	20.63846	0.08819156	17.551853	0.41077727	0.01115658	151.60176	3.634953	32.40539	143.75513	20.81461	121.5461	249.31633	0.055062205	0.04339308	143.72931	328.83563	27.967651	0.078005366	0.085555285	123.81675	79.18165	120.19771	0.15691587	0.15660341	0.07614057	57.69772	0.010135909	18.069525	0.07834135	336.77454	0.022285042	0.021787034	0.0047791377	0.011086868	18.059752	17.948605	20.461987	342.99698	143.38234	27.913101	9.403435	7.570547	0.0048582223	0.0076556345	125.13447	338.33014	32.472034	0.01103845	62.27815	233.97992	0.009028291	32.34579	144.31648	18.078745	1.54128
G001796285	94.47809	94.49311	72.18097	203.09773	71.34097	17.70883	96.609886	152.27309	93.42795	94.48217	187.71309	13.932192	94.48019	144.39899	0.0	93.04978	92.55726	173.52597	91.83879	63.64927	94.49717	94.58255	143.87704	77.77613	145.01385	77.77524	143.4096	143.49802	143.42505	96.16773	144.29468	93.606995	92.25411	133.83139	92.188	143.52193	144.20114	48.84562	259.91394	77.77613	77.77574	144.55182	95.65567	150.72676	143.49855	13.977638	124.373535	92.830475	0.011257332	77.49548	86.861435	35.789253	145.46056	143.89769	0.011247513	51.809372	69.83872	144.85486	144.79704	38.604115	60.84698	24.100275	145.02495	143.00618	144.8244	79.60258	144.53734	94.29812	144.31897	65.76476	145.2402	142.94188	144.14487	143.55904	94.51463	94.6756	78.60472	68.54005	0.012656186	70.23484	173.4271	138.75732	144.42867	144.53807	22.426369	66.75082	93.019394	144.17863	123.14745	30.002588	143.6319	92.64002	0.0033970028	94.48339	129.0826
G001625535	12.469297	12.447195	237.95708	60.791534	235.89455	80.23159	75.16483	42.35166	0.10727975	12.465488	152.48419	110.28717	12.464426	31.743238	93.04978	0.0	0.090325296	46.46442	0.087378405	226.1703	12.452687	12.457397	31.669212	16.009256	32.15914	16.009401	31.26151	31.336634	31.228327	12.608877	31.778582	0.11063854	0.11268399	23.823492	0.116484396	31.33115	31.69515	19.596792	199.00764	16.009256	16.008959	31.853611	12.559273	33.869766	31.342527	111.35404	22.484137	0.1115255	92.69879	15.927075	114.893036	191.19485	32.081444	31.476837	92.65748	235.97893	15.049727	32.017765	32.029095	102.42343	84.9616	99.090515	32.15674	31.032515	32.031124	72.32328	31.805328	12.419979	31.268534	228.48482	32.091614	31.282106	31.71858	31.572138	12.460489	12.466907	16.084099	233.61996	92.45036	15.015167	46.312645	38.551434	31.835987	31.79674	101.55284	229.0496	0.11840635	31.691961	76.59722	155.21608	31.393547	0.112084895	92.97674	12.459405	26.868877
G000470765	12.875198	12.854089	236.76288	62.12549	234.73041	80.283005	76.22015	43.30918	0.118555956	12.871276	154.24669	109.993004	12.870367	32.545483	92.55726	0.090325296	0.0	47.595333	0.07558362	225.04037	12.856501	12.863967	32.469273	16.313595	32.99138	16.313969	32.057713	32.131298	32.02137	13.040926	32.586025	0.12051546	0.10515593	24.589615	0.10549956	32.126663	32.494102	19.545456	201.03654	16.313595	16.313255	32.66659	12.977688	34.734016	32.13773	111.05087	23.244194	0.12566303	92.21191	16.225763	115.88115	190.23865	32.89385	32.273125	92.17061	234.96443	15.122684	32.823185	32.840042	102.80783	85.66779	99.23705	32.987324	31.828712	32.83719	73.2738	32.61479	12.825162	32.06829	227.3403	32.91028	32.077293	32.517967	32.37426	12.86539	12.873287	16.396292	232.4687	91.96514	15.106282	47.45059	39.435036	32.642616	32.59639	101.65082	227.90729	0.14101718	32.4919	77.67924	154.0686	32.19236	0.12867905	92.4856	12.864497	27.580032
G000471025	32.49541	32.423244	398.05658	3.0984237	395.59918	128.21895	49.03119	7.0076194	47.062435	32.49474	80.47721	176.10942	32.493053	9.404355	173.52597	46.46442	47.595333	0.0	47.367805	380.71014	32.48895	32.476933	9.368763	32.20162	8.660563	32.20148	9.500476	9.537586	9.587154	31.649504	9.310745	47.01451	47.763645	11.464793	47.67317	9.522255	9.403498	60.366333	101.61388	32.20162	32.202076	9.129512	31.93606	7.8835497	9.53598	178.12836	11.022703	47.45904	172.75325	32.446575	120.23418	284.7427	9.113069	9.481713	172.73659	374.601	46.8928	9.261511	9.137203	134.69539	80.01816	138.62524	8.705951	9.557682	9.300885	57.406826	9.206593	32.493538	9.623578	384.5139	9.08057	9.578564	9.378394	9.351958	32.48088	32.305637	31.831263	391.01056	172.38232	46.74321	0.04824077	9.721192	9.314474	9.486683	144.61179	386.1153	47.45339	9.403043	54.772015	280.18546	9.465058	47.32903	173.40489	32.49827	12.205638
G001625515	12.79317	12.7783375	235.61209	61.926983	233.58186	79.58872	75.64211	43.197365	0.12479588	12.7892885	153.25092	109.30393	12.788224	32.501682	91.83879	0.087378405	0.07558362	47.367805	0.0	223.90524	12.776229	12.785467	32.42384	16.08855	32.920807	16.08927	32.013607	32.087204	31.979021	12.966621	32.539276	0.12950651	0.09509433	24.498476	0.0980034	32.08223	32.44999	19.216068	200.02045	16.08855	16.088264	32.61246	12.905859	34.659584	32.093845	110.3595	23.084421	0.12816806	91.493416	16.000359	114.77287	189.2933	32.84176	32.232914	91.45219	233.73782	14.949342	32.78017	32.791573	101.776794	84.83248	98.40525	32.917793	31.792803	32.791756	72.501785	32.563675	12.74712	32.02326	226.19939	32.859528	32.03076	32.47449	32.32862	12.783914	12.795444	16.170998	231.30702	91.248924	14.928205	47.21592	39.248096	32.597088	32.55273	100.81732	226.76932	0.13796705	32.44744	76.90789	153.30405	32.146755	0.12359994	91.76602	12.783747	27.460081
G001796175	242.75902	242.92139	0.57440746	422.43826	0.6206151	113.302574	266.8955	349.46472	226.29214	242.76047	390.2138	81.85675	242.76097	333.1294	63.64927	226.1703	225.04037	380.71014	223.90524	0.0	242.77957	242.94615	332.4356	225.3046	334.3079	225.3025	331.58685	331.72723	331.5142	245.6998	333.12085	226.57872	224.40468	312.68488	224.3437	331.76593	332.89502	168.7643	486.7397	225.3046	225.30357	333.20023	244.81587	342.6516	331.7281	80.50252	301.55322	225.29207	64.1587	224.72815	212.642	51.311916	334.54166	332.23114	64.15285	17.874348	201.13853	333.68015	333.6688	131.55118	207.34312	115.53906	334.27866	330.80728	333.6058	236.32611	333.43918	242.55305	332.2057	0.15254803	334.52756	331.03024	332.8784	331.94315	242.81206	243.2105	226.77325	0.2232726	64.37984	201.79462	380.5185	329.38046	333.26672	333.2619	110.18698	0.3306237	225.46613	332.87204	290.10245	28.135141	331.92194	225.16545	63.72014	242.75845	309.432
G001007065	0.0004646603	0.007996258	255.9267	42.797707	253.63913	72.20244	57.580627	24.58707	12.664117	0.0004857971	127.67216	107.718506	0.0004988608	18.065447	94.49717	12.452687	12.856501	32.48895	12.776229	242.77957	0.0	0.0044545475	18.011705	12.097293	18.296082	12.094603	17.76519	17.81058	17.765184	0.1254988	18.088932	12.657468	12.989174	13.667814	13.015689	17.797144	18.050808	21.980225	172.34775	12.097293	12.097195	18.144316	0.112235986	19.726849	17.816147	108.77488	13.038012	12.738291	94.02119	12.106327	107.09914	192.59494	18.342573	17.89557	93.99237	245.42444	12.014614	18.182058	18.189943	97.35664	72.23974	89.954216	18.287003	17.499006	18.18185	57.190266	18.150597	0.0069399467	17.768036	245.49313	18.340637	17.745888	18.061138	17.903486	0.00014589069	0.005315432	12.165895	250.91216	93.756454	11.836256	32.440323	23.175795	18.146444	18.10419	93.11669	246.42215	12.758759	18.057365	68.02137	163.61154	17.847006	12.649773	94.45894	0.001118898	15.256358
G001007125	0.004961012	0.0039004164	256.1007	42.77082	253.80849	72.26581	57.61411	24.55917	12.670979	0.0049090353	127.69901	107.83001	0.0049636825	18.047066	94.58255	12.457397	12.863967	32.476933	12.785467	242.94615	0.0044545475	0.0	17.993813	12.101872	18.283133	12.099131	17.748611	17.793499	17.74813	0.12876526	18.071089	12.664199	12.996804	13.671887	13.024149	17.78019	18.032888	21.992035	172.36598	12.101872	12.101761	18.128323	0.116341755	19.710722	17.799135	108.888954	13.02114	12.74382	94.10615	12.111286	107.17432	192.71675	18.327122	17.878187	94.07714	245.58528	12.035551	18.164417	18.17386	97.45621	72.292885	90.03716	18.273966	17.482082	18.164198	57.22023	18.13393	0.005513933	17.752674	245.66046	18.324469	17.729376	18.042896	17.886595	0.004494205	0.006617375	12.171137	251.08144	93.840706	11.8547735	32.425743	23.138481	18.12909	18.08554	93.202484	246.58997	12.765651	18.040081	68.07426	163.7448	17.830101	12.655477	94.54395	0.003433771	15.234767
G001714585	18.018198	17.949085	348.70352	14.502287	346.18427	106.76537	53.122124	6.2429686	32.123394	18.017252	103.271706	149.3351	18.016582	0.0074349158	143.87704	31.669212	32.469273	9.368763	32.42384	332.4356	18.011705	17.993813	0.0	20.510815	0.16749945	20.510984	0.014032417	0.013202448	0.017091101	17.284552	0.005742776	32.072674	32.67332	2.9114273	32.647827	0.013272612	0.0059848493	42.224323	133.63751	20.510815	20.51089	0.09073018	17.50154	0.42449215	0.013012748	151.04929	3.5870082	32.33036	143.23479	20.687057	121.04763	248.59012	0.06656006	0.04776423	143.20946	328.10693	27.866072	0.08144039	0.08827146	123.34292	78.75286	119.72428	0.16500416	0.16211684	0.08324051	57.365032	0.013746676	18.016417	0.089915805	336.08365	0.02670997	0.021809738	0.0047366805	0.009526924	18.006174	17.89539	20.337664	342.29968	142.8629	27.814379	9.369963	7.514368	0.0068129753	0.015051605	124.65094	337.63992	32.398666	0.0103856195	62.024696	233.44162	0.012046969	32.269905	143.7952	18.024866	1.517231
G000700845	12.097825	12.058477	238.29865	44.83319	236.61188	57.53787	45.038834	24.092007	16.279669	12.095343	105.68957	86.63456	12.093714	20.638323	77.77613	16.009256	16.313595	32.20162	16.08855	225.3046	12.097293	12.101872	20.510815	0.0	20.693182	0.0001117034	20.32108	20.371576	20.30303	12.129608	20.601154	16.328802	16.264536	16.439861	16.307089	20.368452	20.5909	7.1380343	149.79579	0.0	0.0	20.65499	12.090469	22.31592	20.374313	87.782745	12.837636	16.29498	77.30684	0.005196256	86.23923	170.30061	20.914125	20.466629	77.27355	224.58975	4.68538	20.82454	20.724226	73.90524	51.014072	69.90367	20.692623	20.179693	20.801733	41.31163	20.655075	12.038327	20.506575	228.04008	20.851625	20.182417	20.55173	20.395224	12.100094	12.093395	0.019975273	233.36273	77.039055	4.672014	32.12024	21.796362	20.667398	20.695776	72.772026	228.97453	16.46705	20.555983	54.77677	148.7886	20.411037	16.21996	77.73216	12.104766	17.274628
G001401475	18.301645	18.234867	350.5852	13.546304	348.08157	107.51496	52.61459	6.005162	32.60638	18.300888	101.87511	150.21687	18.299875	0.16148284	145.01385	32.15914	32.99138	8.660563	32.920807	334.3079	18.296082	18.283133	0.16749945	20.693182	0.0	20.693542	0.16800995	0.17678057	0.17696998	17.556831	0.15469375	32.5579	33.17069	2.860861	33.14902	0.17625126	0.1680523	42.766502	131.89287	20.693182	20.693424	0.1413879	17.784565	0.32955402	0.17733034	151.94077	3.5251842	32.825382	144.3685	20.87219	120.50519	250.13159	0.13671418	0.16637665	144.34213	329.9582	28.295067	0.16160955	0.14345779	123.410034	78.49961	120.32467	0.0016325822	0.24781911	0.16007844	56.976936	0.13591978	18.305428	0.17207876	337.93515	0.12504819	0.18587556	0.16662653	0.15492909	18.29016	18.177015	20.495646	344.17035	143.99678	28.240969	8.659627	7.3416247	0.1543908	0.17966871	125.29834	339.48663	32.879807	0.16367422	61.111267	235.40924	0.16432294	32.761494	144.92871	18.310848	1.7193046
G000700905	12.095122	12.055763	238.29715	44.831367	236.61057	57.538586	45.04083	24.090767	16.279985	12.092636	105.69718	86.63548	12.091009	20.63848	77.77524	16.009401	16.313969	32.20148	16.08927	225.3025	12.094603	12.099131	20.510984	0.0001117034	20.693542	0.0	20.321316	20.371826	20.303186	12.127194	20.601444	16.32909	16.26512	16.439493	16.307795	20.368702	20.591074	7.1367135	149.80638	0.0001117034	0.000112263624	20.655024	12.088289	22.315828	20.374607	87.78348	12.83707	16.29567	77.305916	0.0051784595	86.24806	170.2936	20.913908	20.466824	77.27258	224.58923	4.6858125	20.824387	20.723991	73.91238	51.018738	69.90857	20.692991	20.1795	20.80154	41.318317	20.65524	12.035594	20.506687	228.03809	20.851862	20.182543	20.55194	20.395473	12.097389	12.090653	0.020063551	233.36096	77.038246	4.672276	32.12024	21.794704	20.667633	20.695911	72.77687	228.97258	16.467207	20.556053	54.78226	148.7891	20.411274	16.220024	77.731186	12.102016	17.273884
G001736045	17.771717	17.702923	347.81003	14.694605	345.3021	106.53562	53.359127	6.3672085	31.715342	17.770893	103.87277	148.97357	17.770094	0.012301655	143.4096	31.26151	32.057713	9.500476	32.013607	331.58685	17.76519	17.748611	0.014032417	20.32108	0.16800995	20.321316	0.0	0.0047682263	0.008310913	17.03554	0.013784283	31.665167	32.258377	2.8569367	32.23352	0.0049817506	0.012561413	41.920918	134.45566	20.32108	20.321207	0.09625733	17.257212	0.45130637	0.0050782887	150.67552	3.56257	31.921413	142.76945	20.494026	121.17177	248.10495	0.06939175	0.052397776	142.74362	327.4246	27.545734	0.090470865	0.096223064	123.18094	78.86219	119.56172	0.16395995	0.14421315	0.0885078	57.53545	0.017758958	17.769455	0.07449057	335.22116	0.033360504	0.014437319	0.013671198	0.015871806	17.75975	17.649565	20.147356	341.4363	142.39905	27.49466	9.502599	7.589265	0.013028627	0.020210935	124.46285	336.772	31.984371	0.019698566	62.19472	232.70819	0.0033392855	31.859194	143.32797	17.778938	1.4611238
G000270425	17.816996	17.748451	347.9566	14.740088	345.4427	106.604935	53.48461	6.368413	31.789598	17.81617	104.00231	149.09288	17.815393	0.010809446	143.49802	31.336634	32.131298	9.537586	32.087204	331.72723	17.81058	17.793499	0.013202448	20.371576	0.17678057	20.371826	0.0047682263	0.0	0.0056425747	17.08388	0.013602616	31.73945	32.334362	2.882408	32.31104	0.00084227056	0.008778822	41.983925	134.63464	20.371576	20.371689	0.098834194	17.304226	0.45501456	0.00084571715	150.79486	3.5999658	31.99708	142.85847	20.54521	121.3849	248.19914	0.07287403	0.046966143	142.83252	327.53357	27.575655	0.088774666	0.0997391	123.3221	78.978004	119.65592	0.17180108	0.14777382	0.08691506	57.634663	0.019984338	17.815067	0.074611016	335.36304	0.03793644	0.011509103	0.00972982	0.017669365	17.805134	17.69504	20.19775	341.5799	142.48763	27.524847	9.539816	7.6003194	0.01416927	0.013555107	124.55714	336.9151	32.060146	0.017497795	62.369038	232.78314	0.002770238	31.934647	143.41632	17.824034	1.4731427
G000687415	17.77189	17.703289	347.7281	14.81615	345.2169	106.622734	53.59823	6.3935323	31.680204	17.771034	104.23006	149.03876	17.770395	0.015679747	143.42505	31.228327	32.02137	9.587154	31.979021	331.5142	17.765184	17.74813	0.017091101	20.30303	0.17696998	20.303186	0.008310913	0.0056425747	0.0	17.040075	0.02017943	31.629978	32.225178	2.8572397	32.200165	0.0058539654	0.012676042	41.869263	134.89311	20.30303	20.303095	0.099052586	17.2578	0.46179143	0.0059221853	150.73988	3.5627005	31.88726	142.78516	20.475906	121.49595	248.05382	0.07603195	0.051695127	142.75893	327.36978	27.465094	0.0925597	0.100283176	123.37137	79.068855	119.701096	0.17386402	0.14701267	0.09208077	57.738758	0.023268351	17.77056	0.072259344	335.14532	0.04009264	0.016129326	0.0153869605	0.021130623	17.75992	17.650663	20.129446	341.35968	142.41422	27.418364	9.5904045	7.623318	0.020128274	0.021440685	124.59605	336.6987	31.950655	0.013787859	62.46434	232.58414	0.0067698443	31.825548	143.34326	17.778252	1.4709495
G000516655	0.12650461	0.13292049	258.94864	41.598713	256.62753	73.250374	57.313206	23.875877	12.849861	0.12665161	126.95159	109.14749	0.1266411	17.328478	96.16773	12.608877	13.040926	31.649504	12.966621	245.6998	0.1254988	0.12876526	17.284552	12.129608	17.556831	12.127194	17.03554	17.08388	17.040075	0.0	17.351852	12.842443	13.184168	13.133039	13.213653	17.071209	17.317368	22.453032	171.1798	12.129608	12.129574	17.419985	0.021233903	18.93862	17.089876	110.21105	12.5454855	12.9229965	95.688614	12.145496	107.37734	195.01857	17.604431	17.189909	95.65916	248.38503	12.277511	17.46697	17.466145	98.415596	72.52969	91.06882	17.548792	16.781258	17.466057	57.225143	17.409307	0.12809744	17.054588	248.43175	17.58837	17.024155	17.329645	17.17565	0.1256651	0.12466396	12.180892	253.87364	95.418884	12.095087	31.593376	22.621977	17.407736	17.374853	94.2987	249.35364	12.946701	17.328295	67.8199	166.12646	17.115606	12.8345175	96.12941	0.12944344	14.703844
G001736055	18.094936	18.02562	349.4029	14.383513	346.88046	107.04352	53.16183	6.2273493	32.2346	18.094084	103.20351	149.73499	18.093235	0.004899482	144.29468	31.778582	32.586025	9.310745	32.539276	333.12085	18.088932	18.071089	0.005742776	20.601154	0.15469375	20.601444	0.013784283	0.013602616	0.02017943	17.351852	0.0	32.18408	32.786896	2.923017	32.76387	0.013647837	0.0056251343	42.414894	133.48192	20.601154	20.601284	0.08836228	17.574667	0.4049008	0.013567939	151.44714	3.6113183	32.44317	143.65045	20.778664	121.154236	249.24135	0.058743265	0.048087176	143.62529	328.79074	28.009628	0.08013846	0.08571106	123.61238	78.896866	120.02878	0.15109229	0.16192327	0.07999771	57.442074	0.008936715	18.093044	0.08663594	336.7693	0.01959562	0.022817256	0.0051661073	0.010161652	18.083189	17.971893	20.423244	342.99268	143.27835	27.954535	9.309941	7.507851	0.0036106168	0.013349109	124.97068	338.32538	32.509308	0.013317577	62.035416	234.0406	0.011581502	32.381317	144.21275	18.102571	1.528033
G001466415	12.674615	12.656036	238.3235	61.400654	236.28421	81.176956	76.33936	42.849804	0.0022008007	12.670928	154.13756	111.24374	12.669921	32.147556	93.606995	0.11063854	0.12051546	47.01451	0.12950651	226.57872	12.657468	12.664199	32.072674	16.328802	32.5579	16.32909	31.665167	31.73945	31.629978	12.842443	32.18408	0.0	0.092169456	24.159344	0.09678329	31.734749	32.098907	19.822504	200.6134	16.328802	16.32849	32.26256	12.788973	34.282936	31.746479	112.305626	22.845034	0.05049845	93.25748	16.242617	116.1292	191.86594	32.48486	31.876938	93.21525	236.48125	15.17236	32.431602	32.444756	103.5605	86.1987	100.28111	32.555317	31.43817	32.44302	73.46302	32.209225	12.628958	31.672132	228.86311	32.497684	31.688944	32.1229	31.97967	12.664964	12.676674	16.40461	234.01726	93.00775	15.148053	46.866066	39.025097	32.239834	32.20157	102.73487	229.43098	0.063275374	32.09424	77.53589	155.52489	31.796417	0.063735254	93.53377	12.665847	27.234161
G000508025	13.00618	12.985794	236.09879	62.39543	234.08035	80.16321	76.47793	43.54862	0.08836871	13.002663	154.38615	109.72563	13.00151	32.75082	92.25411	0.11268399	0.10515593	47.763645	0.09509433	224.40468	12.989174	12.996804	32.67332	16.264536	33.17069	16.26512	32.258377	32.334362	32.225178	13.184168	32.786896	0.092169456	0.0	24.681786	0.03291896	32.329693	32.700665	19.36222	201.20482	16.264536	16.264273	32.865517	13.128217	34.94385	32.34107	110.7935	23.31085	0.084626965	91.9121	16.176613	115.64603	189.9039	33.09165	32.47717	91.869316	234.32521	15.117367	33.03467	33.045826	102.324524	85.55398	99.01891	33.16615	32.041683	33.04436	73.28135	32.812828	12.958257	32.264645	226.69353	33.1093	32.278885	32.724533	32.578415	12.996854	13.01028	16.347898	231.81721	91.66464	15.099891	47.61674	39.585655	32.84234	32.80105	101.41233	227.26553	0.08412048	32.697536	77.64002	153.73798	32.394264	0.09159836	92.18099	12.996824	27.681234
G000007605	13.671464	13.627126	328.1369	17.6191	325.66003	101.03107	52.38793	8.882476	24.19707	13.671516	105.05046	139.93282	13.66962	2.9237816	133.83139	23.823492	24.589615	11.464793	24.498476	312.68488	13.667814	13.671887	2.9114273	16.439861	2.860861	16.439493	2.8569367	2.882408	2.8572397	13.133039	2.923017	24.159344	24.681786	0.0	24.674988	2.878075	2.923812	35.558903	137.55191	16.439861	16.439926	2.91055	13.3008995	3.1109543	2.8826115	141.57571	2.332701	24.38436	133.22047	16.583786	113.37299	237.97879	2.8670945	2.8503337	133.19095	310.60062	23.034376	2.9725482	2.9268353	113.11929	75.715454	112.221275	2.8633676	2.7483296	2.953773	54.827892	2.9013584	13.67055	2.8106916	316.0519	2.92597	2.880074	2.9261765	2.8857439	13.664201	13.580996	16.285757	322.06635	132.88542	22.950684	11.464073	9.617542	2.9292264	2.9351232	116.84712	317.4231	24.44136	2.8992536	57.079903	219.90971	2.8720953	24.30669	133.73972	13.684844	3.70512
G000508005	13.032804	13.012607	236.04897	62.296276	234.02068	80.12737	76.29267	43.492104	0.09500661	13.029269	154.21724	109.59087	13.028235	32.729473	92.188	0.116484396	0.10549956	47.67317	0.0980034	224.3437	13.015689	13.024149	32.647827	16.307089	33.14902	16.307795	32.23352	32.31104	32.200165	13.213653	32.76387	0.09678329	0.03291896	24.674988	0.0	32.306572	32.676636	19.426983	200.99095	16.307089	16.306782	32.847614	13.154961	34.926014	32.317867	110.66258	23.325478	0.09417204	91.84568	16.218615	115.522316	189.7677	33.078476	32.46005	91.80414	234.1956	15.129347	33.014828	33.027668	102.42951	85.4371	99.03207	33.146793	32.025364	33.030018	73.22188	32.792274	12.98489	32.250336	226.63457	33.0866	32.256214	32.700714	32.5546	13.02362	13.03569	16.388863	231.75911	91.599754	15.111722	47.523087	39.541565	32.820694	32.784317	101.43832	227.20605	0.09218312	32.672062	77.639565	153.64687	32.370304	0.09510365	92.11387	13.023642	27.674942
G000270405	17.803549	17.73513	347.99524	14.721609	345.48358	106.63237	53.485573	6.360442	31.78499	17.802692	103.99528	149.1174	17.801939	0.011241455	143.52193	31.33115	32.126663	9.522255	32.08223	331.76593	17.797144	17.78019	0.013272612	20.368452	0.17625126	20.368702	0.0049817506	0.00084227056	0.0058539654	17.071209	0.013647837	31.734749	32.329693	2.878075	32.306572	0.0	0.008743778	41.981556	134.62077	20.368452	20.36859	0.098610215	17.291351	0.45397303	0.0010701572	150.81859	3.5907905	31.992113	142.88182	20.541973	121.38924	248.22118	0.07362561	0.0474268	142.85587	327.57825	27.578724	0.088602126	0.09929251	123.33461	78.98519	119.6799	0.17156938	0.148285	0.08696192	57.643845	0.020206496	17.801771	0.076244615	335.40314	0.037892535	0.012468988	0.010352089	0.017834019	17.791656	17.681908	20.194227	341.61783	142.51099	27.527979	9.525097	7.5882273	0.014203749	0.014679092	124.58151	336.9537	32.054607	0.017426368	62.369934	232.82019	0.002919907	31.929705	143.43985	17.810612	1.4699998
G000191925	18.057106	17.987652	349.16605	14.514217	346.64484	107.05189	53.379143	6.2716684	32.149803	18.056234	103.60276	149.6876	18.055521	0.003953655	144.20114	31.69515	32.494102	9.403498	32.44999	332.89502	18.050808	18.032888	0.0059848493	20.5909	0.1680523	20.591074	0.012561413	0.008778822	0.012676042	17.317368	0.0056251343	32.098907	32.700665	2.923812	32.676636	0.008743778	0.0	42.357235	133.98813	20.5909	20.591013	0.09126238	17.538902	0.4213723	0.008643317	151.39865	3.6291194	32.358887	143.55745	20.767807	121.44922	249.04611	0.06746511	0.0433567	143.53178	328.60828	27.908089	0.08118775	0.09090316	123.713646	79.057205	120.08328	0.16420509	0.16153932	0.08054016	57.64286	0.012895568	18.055178	0.086530335	336.5409	0.028180948	0.019330814	0.0027039454	0.012861567	18.045124	17.934565	20.414484	342.7639	143.18494	27.85447	9.402798	7.5563498	0.00577353	0.009892545	125.014496	338.0971	32.424244	0.008439124	62.235085	233.78407	0.010293261	32.296364	144.11832	18.063911	1.5256903
G000493885	21.977493	21.954752	180.11934	78.555084	178.76031	41.455597	55.632393	48.74783	19.743193	21.97591	126.918304	60.26378	21.974815	42.446243	48.84562	19.596792	19.545456	60.366333	19.216068	168.7643	21.980225	21.992035	42.224323	7.1380343	42.766502	7.1367135	41.920918	41.983925	41.869263	22.453032	42.414894	19.822504	19.36222	35.558903	19.426983	41.981556	42.357235	0.0	180.616	7.1380343	7.1376534	42.53103	22.275904	45.446392	41.985043	61.117306	30.139475	19.534622	48.520573	7.034601	82.27872	125.84852	42.961586	42.17583	48.47751	168.70398	6.3815494	42.757862	42.669964	58.835995	50.16948	52.712666	42.764675	41.77517	42.741386	47.17647	42.524834	21.868143	42.23123	171.2021	42.863796	41.698463	42.320473	42.07967	21.987934	22.038147	7.3658814	175.79147	48.307964	6.5305634	60.304726	43.37863	42.49498	42.53172	54.24554	172.0796	19.763262	42.316284	66.06533	103.60416	42.05364	19.464706	48.806477	21.981585	35.771343
G000756735	172.32358	172.23781	507.32672	101.828545	504.84653	187.60936	54.620632	118.17332	200.5578	172.32881	14.7358675	236.6715	172.32108	134.04247	259.91394	199.00764	201.03654	101.61388	200.02045	486.7397	172.34775	172.36598	133.63751	149.79579	131.89287	149.80638	134.45566	134.63464	134.89311	171.1798	133.48192	200.6134	201.20482	137.55191	200.99095	134.62077	133.98813	180.616	0.0	149.79579	149.79764	133.42798	171.35687	129.37314	134.60524	239.56035	130.8569	200.92377	258.91623	150.44759	82.15304	363.24448	133.61823	134.56862	258.97748	458.69214	187.81549	133.94241	133.53561	157.85364	84.24861	174.21751	132.08699	135.02975	134.13986	68.863235	133.27705	172.25047	136.04028	491.22995	132.82715	134.5356	133.75168	133.50523	172.31837	172.00389	149.0535	497.30963	258.58038	187.99318	101.62412	120.21182	133.51543	134.55527	182.64786	493.36133	201.22781	134.01405	64.49214	404.52182	134.39551	200.64145	259.7553	172.32852	138.25371
G000700865	12.097825	12.058477	238.29865	44.83319	236.61188	57.53787	45.038834	24.092007	16.279669	12.095343	105.68957	86.63456	12.093714	20.638323	77.77613	16.009256	16.313595	32.20162	16.08855	225.3046	12.097293	12.101872	20.510815	0.0	20.693182	0.0001117034	20.32108	20.371576	20.30303	12.129608	20.601154	16.328802	16.264536	16.439861	16.307089	20.368452	20.5909	7.1380343	149.79579	0.0	0.0	20.65499	12.090469	22.31592	20.374313	87.782745	12.837636	16.29498	77.30684	0.005196256	86.23923	170.30061	20.914125	20.466629	77.27355	224.58975	4.68538	20.82454	20.724226	73.90524	51.014072	69.90367	20.692623	20.179693	20.801733	41.31163	20.655075	12.038327	20.506575	228.04008	20.851625	20.182417	20.55173	20.395224	12.100094	12.093395	0.019975273	233.36273	77.039055	4.672014	32.12024	21.796362	20.667398	20.695776	72.772026	228.97453	16.46705	20.555983	54.77677	148.7886	20.411037	16.21996	77.73216	12.104766	17.274628
G000700925	12.097719	12.058365	238.29782	44.833954	236.61108	57.537838	45.039608	24.092194	16.279358	12.095228	105.69114	86.633995	12.093605	20.63846	77.77574	16.008959	16.313255	32.202076	16.088264	225.30357	12.097195	12.101761	20.51089	0.0	20.693424	0.000112263624	20.321207	20.371689	20.303095	12.129574	20.601284	16.32849	16.264273	16.439926	16.306782	20.36859	20.591013	7.1376534	149.79764	0.0	0.0	20.655115	12.090342	22.316208	20.374453	87.78232	12.837671	16.294653	77.30642	0.005195347	86.240395	170.29912	20.914309	20.466742	77.273056	224.58823	4.685014	20.82463	20.724304	73.90592	51.01476	69.90393	20.692883	20.179825	20.801863	41.312668	20.655266	12.038237	20.506708	228.03912	20.851818	20.182571	20.551794	20.395353	12.099995	12.093293	0.019983193	233.36171	77.03865	4.6716595	32.120747	21.79646	20.667538	20.695915	72.772255	228.9734	16.466745	20.556036	54.777958	148.78732	20.411175	16.219635	77.73169	12.104634	17.274822
