	G000974425	G000701505	G000374085	G000325705	G900129725	G000265075	G000166395	G900111145	G900107465	G000379725	G001314815	G000379765	G900116885	G001890965	G000472485	G001747095	G000346615	G001593005	G000023125	G000298295	G000295935	G900113045	G000390185	G900116615	G000348925	G000373245	G000812565	G001567185	G001683905	G000715495	G001078055	G000423565	G900115665	G900112005	G000373265	G000296815	G000473765	G900142205	G000482465	G001611675	G000331535	G000222485	G000566685	G000427405	G000429425	G000973725	G000737515	G000169175	G000807855	G001442615	G900112365	G900103285	G900100765	G900156415	G000381545	G000383955	G000382225	G000265505	G000429405	G900112255	G000265405	G000429445	G001267955	G001281695	G001483135	G000430505	G001306455	G001050135	G000277005	G001657315	G000429465	G000166275	G000426725	G000014145	G000714815	G001747105	G001592935	G000374025	G001647285	G000024525	G900129785	G000374065	G000801315	G000422585	G000428845	G000330725	G000263195	G001592965	G000427295	G001898575	G001870735	G001592945	G000972495	G000473365	G000331105	G000183425
G000974425	0.0	42.001217	4.0543923	82.12059	43.00595	71.28471	99.506226	64.46823	153.34961	102.82959	130.3606	160.67877	67.663185	92.02703	80.95002	78.88487	78.896126	82.69681	32.451916	123.387344	140.51164	144.51419	60.58862	106.769	101.44414	98.75282	142.56844	39.598755	64.17496	81.22357	68.87463	75.20702	88.19482	109.23134	76.59415	8.936642	154.28429	86.231834	53.78043	67.47353	61.983356	121.03395	47.192337	91.58037	156.71846	83.066826	97.33756	96.217514	173.2003	91.46685	3.164312	46.60662	29.339987	58.638126	153.61945	16.503767	98.8001	237.90556	130.7666	78.07513	151.73909	89.21905	84.5882	193.6202	78.71649	82.161736	72.69783	115.17557	58.770985	63.999466	139.14256	132.99077	129.54045	89.55993	112.12847	75.00744	78.977585	3.1718762	62.088654	1.517606	137.33131	4.6861215	69.8729	138.70686	39.345913	107.68193	123.095474	97.19759	105.57385	2.7715938	16.079552	83.23101	51.937912	99.30885	22.252438	141.03322
G000701505	42.001217	0.0	49.67548	49.228523	38.379993	48.13477	65.324936	58.069763	92.812225	75.75685	72.84082	114.45165	61.08719	75.95475	75.36669	56.29278	56.49474	65.21767	18.142273	75.02774	81.37459	117.28973	41.686264	54.957306	87.86615	64.611404	104.31839	39.79361	40.95023	92.12293	68.82994	65.148926	55.640575	59.22182	73.36392	51.375618	93.52608	65.9949	61.65219	60.92774	37.227062	82.282265	39.58041	93.57057	92.98126	75.00103	98.5012	94.74565	140.23863	45.449295	39.20462	47.019062	48.873085	50.598133	92.97902	67.91207	108.54838	196.29391	72.94339	86.398796	91.07699	49.854694	67.59309	156.30917	91.056694	89.06381	46.202526	77.24139	50.45224	36.715984	78.14677	78.76193	86.364426	66.81379	79.166595	57.910526	58.429176	45.147312	54.866596	45.238876	80.57078	49.997314	70.50713	118.44701	10.357563	67.22725	107.292114	80.82575	69.14912	43.446705	44.94979	66.06014	66.263084	97.30172	66.322174	97.10778
G000374085	4.0543923	49.67548	0.0	86.251656	50.205112	76.97138	104.18582	74.98237	157.79182	110.287834	137.71103	161.84871	70.50798	98.74236	82.95352	89.485085	79.77095	92.46326	38.91109	126.26958	144.80025	149.2148	62.27724	114.81221	99.372536	103.670135	150.97334	43.713764	69.43485	80.98165	67.50829	81.35948	90.767334	119.08437	77.661514	8.627629	158.70296	94.60194	59.85354	70.310196	66.77415	125.545654	50.940594	97.879555	162.55713	87.93124	97.16234	101.36485	180.92448	96.89346	7.367243	45.18789	30.547897	62.613773	158.03812	13.929504	98.32941	242.04967	138.19472	84.591415	159.92464	97.03196	94.375244	198.44698	83.23108	88.99399	78.003815	120.63192	62.903057	65.88915	147.6141	140.48022	135.78499	94.16211	113.677284	85.93713	89.0	6.386923	65.481804	2.715847	143.369	0.4011817	67.97523	143.87993	48.190815	113.519104	129.68356	107.83855	111.31466	6.564852	14.678041	92.803185	53.341896	100.82786	22.810394	148.81142
G000325705	82.12059	49.228523	86.251656	0.0	46.969776	37.77876	42.45922	67.17042	30.276588	107.776184	27.697533	72.71411	75.82144	72.79178	86.81625	44.845657	52.040417	63.556442	64.940346	18.23993	28.445656	97.45397	10.904057	25.550276	79.46321	17.272888	97.715904	66.04419	34.451096	110.765236	55.984238	58.835068	62.52372	37.152866	73.27535	99.28452	30.637041	52.457382	71.489265	75.61609	30.022238	41.60146	25.807905	99.11429	30.95632	86.79198	115.841194	97.16283	136.37958	15.81399	79.7238	82.64451	83.69379	69.582344	30.379238	110.24375	129.74915	188.5781	28.091022	111.635925	58.20814	27.759468	66.90318	146.36008	126.1255	82.132034	37.639797	38.840508	69.49086	21.137589	31.257565	36.865234	79.850624	104.44297	39.133373	56.22639	50.33663	83.43579	59.874332	88.13167	30.589943	85.08949	86.18335	111.78758	41.60064	24.227135	116.75599	80.21291	34.63555	83.50792	90.34115	64.37955	87.40933	110.69018	110.29939	80.70201
G900129725	43.00595	38.379993	50.205112	46.969776	0.0	50.54774	84.53878	80.77984	90.168915	109.46024	83.2454	141.46094	66.799805	100.43089	77.32807	72.99338	82.75564	91.2136	24.038715	85.21946	98.9743	136.62813	34.0005	75.8198	93.884544	69.819565	133.45761	53.091637	56.633385	73.73685	62.59305	67.92295	95.71612	83.24102	65.74314	48.96664	90.962364	66.89863	57.51911	66.55189	54.884666	101.2693	49.544	109.678604	98.90651	95.27369	84.1986	110.46187	172.51758	64.21993	43.34482	44.6721	28.29015	59.0223	90.505615	56.465908	94.08191	221.99158	85.278915	87.71167	114.14046	42.219078	94.37274	186.5265	81.43865	75.94945	69.109344	98.46223	59.19453	46.23857	86.43665	102.040695	124.174904	103.52871	99.26943	78.932655	79.57258	48.984894	70.6094	47.13217	98.765144	50.139248	70.54375	118.747086	34.82433	52.668907	133.78305	107.65016	89.94391	49.850334	49.91802	92.120605	52.326027	133.14592	50.145355	132.40356
G000265075	71.28471	48.13477	76.97138	37.77876	50.54774	0.0	48.74298	63.338623	99.40592	111.56654	66.57996	113.451706	40.104137	89.04983	44.668316	58.96173	33.37383	71.2033	57.39814	68.211754	77.61834	104.02846	36.856525	51.538883	58.461403	37.037357	116.428604	71.524925	42.04657	90.377716	51.12739	75.619026	79.33753	56.85769	46.976887	82.990875	100.06629	57.04974	85.216446	39.91958	37.553204	78.10228	33.90585	113.773834	83.889786	49.126278	88.09049	104.089455	145.84772	44.23476	70.12387	69.92147	60.556488	39.80492	99.55532	96.79522	101.70757	206.14569	66.34159	114.19999	94.63841	49.59708	74.457016	160.62135	89.19269	81.355675	60.720997	72.67838	39.845104	40.35962	70.206406	71.76779	91.52111	102.28886	59.836903	61.773724	63.701427	74.57226	44.70405	74.3486	76.90326	76.75425	61.449123	108.87083	50.72295	71.86846	129.2819	74.63977	67.522064	73.68937	77.872406	72.407394	63.685963	101.18095	90.276276	100.585266
G000166395	99.506226	65.324936	104.18582	42.45922	84.53878	48.74298	0.0	39.27152	88.26148	72.39079	51.151752	72.69826	70.82117	49.95564	80.3568	23.247633	43.70792	31.216267	99.0207	41.062725	39.62828	57.949986	51.060444	24.934673	101.79109	35.02513	43.376118	71.7367	29.273542	130.64026	62.108334	64.2879	45.440773	21.568472	74.62285	115.933304	88.76966	39.53062	88.21964	70.7057	22.053617	34.63307	27.822275	77.431076	68.08395	56.58589	127.51527	78.65014	66.432785	24.505184	92.63343	108.97274	105.86175	65.204666	88.28503	129.70537	140.126	137.5764	47.287716	117.76639	39.390865	68.23739	33.5217	92.965866	135.38089	96.14057	28.485472	29.849525	64.433685	39.266846	54.079857	27.608627	37.023064	78.32389	28.761507	24.03288	27.700905	104.16371	38.199905	101.71238	35.282265	103.90335	100.11968	113.975174	65.050354	85.61591	80.372154	27.591972	29.322199	99.86434	110.067024	32.696995	102.1316	76.97888	131.15271	41.559837
G900111145	64.46823	58.069763	74.98237	67.17042	80.77984	63.338623	39.27152	0.0	126.94186	69.47706	88.76157	105.56788	65.85934	31.606613	79.14302	22.568384	57.54555	9.371546	80.9551	77.129265	82.24763	66.39882	71.009476	57.432995	114.5328	75.28656	53.535145	40.990257	38.629658	108.57114	66.860115	43.644703	61.303364	48.180634	78.33397	89.864914	127.701836	51.98782	48.33373	65.772156	36.811565	57.390846	41.607986	46.070847	117.04177	51.410576	118.0704	46.664227	78.78638	59.115574	60.46427	119.759514	91.7004	62.679466	127.01979	91.33895	122.54563	149.22473	85.44298	68.81334	69.817856	97.4973	10.023251	100.50195	95.40042	66.308426	33.526688	49.494114	61.651188	69.29914	97.38051	61.90228	65.06374	76.05459	71.574036	12.906483	10.642323	70.05096	28.892855	67.7665	75.53674	75.16068	90.91709	98.194466	56.67663	109.016235	56.86795	13.180557	46.287888	64.19997	91.03342	9.646824	77.97186	69.61699	95.97698	57.71023
G900107465	153.34961	92.812225	157.79182	30.276588	90.168915	99.40592	88.26148	126.94186	0.0	143.11906	22.703533	68.57482	159.98048	109.47531	176.72873	91.021805	120.33783	103.98059	115.14697	18.98312	22.541573	126.53452	40.07098	40.181183	150.45161	58.510567	122.14055	110.146484	77.94729	172.45964	125.76647	85.04898	86.513275	57.243107	151.94162	173.04988	0.027913222	99.64111	104.0678	159.72304	81.61053	53.177433	76.33466	134.22404	15.239924	180.54103	182.3013	146.19936	168.35207	33.629417	148.05426	136.39908	147.86557	152.47949	0.012139639	180.99586	195.37032	185.44826	24.503721	146.51218	52.147415	45.770973	106.53735	160.48663	201.88443	134.82741	67.36533	54.643513	152.26668	67.73778	31.3669	41.32103	109.13225	149.35663	76.79092	101.997505	87.40712	151.49005	131.78395	162.79955	26.666807	156.46887	158.71588	128.32501	79.58799	21.947903	137.87941	138.15788	52.282104	153.0446	161.73582	103.8593	156.06778	173.85828	181.50671	98.83224
G000379725	102.82959	75.75685	110.287834	107.776184	109.46024	111.56654	72.39079	69.47706	143.11906	0.0	127.26041	75.404305	115.93187	50.680283	132.59114	87.37641	89.35598	57.536594	103.80037	98.07387	101.68045	84.12283	110.46225	93.8544	161.51247	112.791245	40.699734	48.022434	40.646202	152.09308	134.02025	82.69633	42.653122	86.77113	137.8938	120.25369	143.58958	105.8884	91.94517	115.94396	52.41534	56.330135	64.20749	59.54843	161.21857	110.40459	158.07137	72.07475	43.600643	85.3335	93.62122	142.76369	128.37173	109.88163	143.01567	134.52682	165.06487	82.8924	124.35155	82.7462	74.04101	146.87144	56.882504	61.634155	153.14899	142.694	74.89682	57.148926	109.02251	90.8178	145.21596	85.950676	33.558372	7.549276	64.8559	63.310658	63.743923	109.64515	92.030304	106.227196	96.39604	111.21805	136.07939	129.69064	66.702484	159.00761	43.112637	84.82965	54.25021	102.673775	108.7313	56.79037	129.88268	48.31012	137.93848	45.444878
G001314815	130.3606	72.84082	137.71103	27.697533	83.2454	66.57996	51.151752	88.76157	22.703533	127.26041	0.0	74.364105	126.48333	86.78509	141.3331	48.767628	90.6961	70.19328	102.44166	21.456148	15.292046	97.45141	36.140236	10.581035	129.1889	36.852192	92.19489	102.495636	60.50407	156.09137	106.4159	68.7905	69.69889	18.80243	120.29502	148.52275	22.98033	55.427113	96.29886	126.219475	55.814632	48.25853	54.85637	114.94364	8.064054	132.72183	159.82965	127.018524	136.23158	14.388399	122.86928	117.159645	127.865616	114.686714	22.765852	160.8929	173.03668	172.7079	0.5012523	143.57553	30.902699	25.507954	73.23575	141.37166	173.07227	110.984955	39.98549	47.084732	114.22439	51.109493	6.3928137	18.898317	83.90651	136.75243	60.875534	60.072575	55.94662	127.59633	96.905815	138.20004	14.458596	137.4755	135.869	119.85474	69.587456	26.194763	115.8142	84.55889	45.539894	127.01125	143.33821	71.461205	130.83751	153.25613	158.97133	73.038864
G000379765	160.67877	114.45165	161.84871	72.71411	141.46094	113.451706	72.69826	105.56788	68.57482	75.404305	74.364105	0.0	156.72618	70.45376	172.12744	104.53684	84.51843	71.6742	147.01799	36.46051	40.764454	81.69117	95.16261	62.91453	158.20734	74.90475	60.6259	89.18444	46.300053	169.7841	133.79794	98.02806	36.13871	70.020775	170.24922	186.41406	68.472885	139.02095	124.00157	156.62927	66.77186	18.640749	63.653225	92.55438	80.738	160.0037	178.90698	108.22709	69.95569	54.162304	154.22568	174.48027	173.63034	159.48183	68.23606	195.11412	185.99228	79.75424	72.45093	132.19241	41.044586	127.0833	71.202576	66.04359	204.61552	176.26175	68.31195	23.323298	158.89992	90.74148	98.05877	37.723957	34.561882	80.02068	36.420418	85.53036	72.64107	164.06036	118.23213	166.91992	40.116436	160.5792	151.59738	128.51599	94.199425	118.28172	63.140697	110.65432	24.07129	161.14381	166.20276	69.96559	158.98071	68.56236	197.46994	30.979687
G900116885	67.663185	61.08719	70.50798	75.82144	66.799805	40.104137	70.82117	65.85934	159.98048	115.93187	126.48333	156.72618	0.0	95.69414	4.600348	77.61646	37.593662	86.546814	71.90784	109.103714	120.629486	118.26575	72.85532	93.55184	45.02383	76.56247	134.488	69.807945	58.434624	68.61397	34.646683	95.68509	99.10677	95.11569	19.402582	74.99007	160.83876	82.10951	98.78183	0.0028046237	48.20665	112.94314	59.05534	118.46282	145.9683	12.909481	59.61391	93.595	160.99565	82.92333	71.40316	81.531166	61.008175	16.634596	160.2585	85.379074	75.36416	225.52069	123.77831	114.46732	135.48164	97.12045	89.77375	173.5727	57.761562	79.095825	80.40259	104.431	16.578407	58.87653	124.69605	117.622986	110.32045	100.09692	89.89301	82.42875	82.96058	77.81105	26.286215	67.40474	127.041046	68.99708	35.19971	134.43703	69.52075	122.19414	146.02466	82.61125	98.33718	75.61931	67.26532	87.83999	47.95644	96.97303	79.71515	129.155
G001890965	92.02703	75.95475	98.74236	72.79178	100.43089	89.04983	49.95564	31.606613	109.47531	50.680283	86.78509	70.45376	95.69414	0.0	109.197075	48.34239	74.78754	26.047935	103.80051	62.412487	65.62048	32.246628	77.53295	62.336475	129.4462	76.57071	34.468117	48.451366	32.35605	123.42309	91.188	24.090036	53.36254	55.59558	109.56961	118.98047	109.9637	63.3488	42.852352	95.62918	39.89244	37.601055	47.026806	16.788149	115.76416	82.14024	136.41483	13.525877	52.22201	61.249577	85.36667	144.20076	119.30777	93.70955	109.43265	114.18124	140.17784	83.992134	83.81236	49.899315	49.60491	114.11275	25.96535	45.463688	122.85985	67.30606	42.645554	33.814774	92.467384	78.76996	98.55514	54.11317	48.28934	61.805157	54.42556	31.70409	28.94826	96.54867	55.006794	96.57039	65.50573	98.70132	111.64209	75.69786	71.01466	114.05664	29.84566	46.000122	32.758915	90.83529	116.7212	25.477045	99.13075	56.731182	120.07369	43.01572
G000472485	80.95002	75.36669	82.95352	86.81625	77.32807	44.668316	80.3568	79.14302	176.72873	132.59114	141.3331	172.12744	4.600348	109.197075	0.0	90.991295	41.38675	102.02681	84.66404	121.63163	133.5931	127.90791	83.43684	108.38307	38.6528	85.22324	149.31415	86.34248	70.2123	68.84991	35.46975	108.601364	115.182465	110.521355	20.315086	85.18701	177.62926	93.24992	113.8184	4.5726366	58.324665	126.22668	69.94262	132.65381	159.31593	15.076888	56.512283	103.511475	175.48898	96.68026	85.88279	87.511	67.48529	20.102816	177.01001	94.09432	73.2682	239.66891	138.44861	130.22307	151.3668	108.12165	105.37579	186.3385	58.88516	84.26388	93.672165	117.79199	20.143045	67.569595	137.89755	132.32762	123.25803	115.07346	100.530235	97.497055	98.32943	92.3795	32.40766	79.40146	142.28015	80.988464	33.741932	144.84244	85.48265	135.98267	163.77805	94.63652	112.093834	90.54055	76.56769	103.26374	50.362267	108.07045	87.55895	145.59975
G001747095	78.88487	56.29278	89.485085	44.845657	72.99338	58.96173	23.247633	22.568384	91.021805	87.37641	48.767628	104.53684	77.61646	48.34239	90.991295	0.0	65.958855	20.94945	86.56642	53.751766	51.143818	80.3389	52.18736	26.745066	115.37654	45.099724	52.612743	67.856346	41.54335	132.06656	68.91749	55.398785	61.23969	20.033209	77.02382	100.91617	91.63979	21.50568	71.19765	77.43495	27.236467	54.250015	34.318462	74.86914	71.84034	63.103813	134.83298	77.24222	87.6637	30.991312	72.17441	111.40413	99.11672	63.538784	91.14566	111.96094	144.47781	173.4164	45.2742	112.64295	47.92604	57.90357	23.853477	123.76809	129.77432	77.32534	20.88585	45.039032	62.69709	41.810223	48.096107	36.707176	61.929386	97.7685	57.91811	8.738888	13.771639	81.20719	41.020016	83.6565	44.238663	90.33189	108.44622	123.99889	57.868862	73.91945	85.13483	15.128224	41.580585	76.10274	102.72053	23.33915	97.555786	110.36643	112.60449	58.60784
G000346615	78.896126	56.49474	79.77095	52.040417	82.75564	33.37383	43.70792	57.54555	120.33783	89.35598	90.6961	84.51843	37.593662	74.78754	41.38675	65.958855	0.0	62.011803	80.517525	65.797295	74.98939	91.09083	61.182423	63.238358	48.718163	45.73615	97.13553	62.629486	28.779953	95.536316	41.862114	89.61425	49.78094	67.909966	53.58007	93.84815	120.94048	90.16823	103.64662	37.516827	27.527504	61.801056	31.544825	99.234184	104.49241	35.76521	90.11097	87.25051	117.599884	50.45521	80.17371	84.356384	85.65256	43.771236	120.39722	108.535706	102.800385	173.82605	88.05877	120.21998	93.91764	88.733116	63.481865	127.40825	104.3928	104.98797	51.37301	57.7552	43.638157	40.513035	98.21602	71.83467	58.018036	74.01009	43.53428	64.838005	60.666725	84.13218	31.300976	79.62744	80.281105	78.36856	54.771774	121.55228	57.49411	111.54816	110.82957	65.35836	53.788906	82.29523	75.73368	61.57133	74.5921	56.889427	109.419365	78.32237
G001593005	82.69681	65.21767	92.46326	63.556442	91.2136	71.2033	31.216267	9.371546	103.98059	57.536594	70.19328	71.6742	86.546814	26.047935	102.02681	20.94945	62.011803	0.0	93.34845	57.916588	58.624435	55.929607	73.830246	42.821217	130.07346	68.859535	28.355358	47.626705	33.19336	123.04651	80.144394	44.135696	43.165836	33.61282	98.42141	109.208275	104.509544	55.55965	55.689144	86.45579	35.573643	35.627224	39.75665	41.978115	96.68517	73.21497	132.70749	52.926037	50.372208	46.384758	76.19484	131.21446	108.610054	83.40297	103.92569	112.99246	136.80647	111.68562	66.72259	76.17022	40.288193	96.91363	0.35044926	72.90212	121.86766	86.69886	23.915611	29.70345	82.264496	69.45099	82.86603	37.27614	41.887222	68.63173	54.82128	7.8558397	2.020238	87.454414	41.014946	87.001305	50.267147	92.833244	106.87311	97.98864	60.370335	104.869156	37.02676	12.326004	27.794153	81.444954	108.7566	0.34730762	95.94296	65.20379	116.58429	29.66757
G000023125	32.451916	18.142273	38.91109	64.940346	24.038715	57.39814	99.0207	80.9551	115.14697	103.80037	102.44166	147.01799	71.90784	103.80051	84.66404	86.56642	80.517525	93.34845	0.0	105.536736	119.684845	150.53162	50.11135	89.9986	99.391624	86.619576	143.64474	48.643692	61.992023	71.280594	76.90337	76.65318	87.534256	96.52099	81.613335	36.113556	115.93101	90.40802	61.630375	71.6987	64.05413	113.385826	54.406494	109.54595	123.76081	101.32199	84.69056	117.316414	178.93094	76.955635	32.642765	33.119263	26.070213	64.53994	115.375786	44.86617	89.96623	232.43088	104.55151	84.6599	132.4184	62.88104	95.67548	195.64114	73.36621	93.98329	74.06893	109.89658	64.833305	58.66244	111.994606	117.350815	128.35524	91.09463	109.402885	84.55428	86.05976	36.98441	76.46612	34.2654	117.20885	38.95255	66.255615	129.48373	20.031399	75.859436	130.2731	115.94179	100.58565	37.180645	32.59203	93.88573	50.22104	118.15298	40.68623	135.57785
G000298295	123.387344	75.02774	126.26958	18.23993	85.21946	68.211754	41.062725	77.129265	18.98312	98.07387	21.456148	36.46051	109.103714	62.412487	121.63163	53.751766	65.797295	57.916588	105.536736	0.0	4.6047683	74.11674	33.566883	21.377924	106.23238	31.60865	71.93867	78.036194	36.68956	137.57634	80.062935	61.244324	47.8363	31.970625	107.11834	144.69029	19.082241	71.25434	86.23065	108.92196	39.25699	17.686264	40.258167	90.36439	22.011005	113.69652	142.90553	93.82203	105.87026	14.889961	118.939674	123.1606	127.35619	105.21047	18.915525	152.3405	155.24648	136.79848	20.575834	120.186226	26.839325	52.622753	59.90012	102.37159	161.65454	105.25404	35.132313	17.672012	104.71946	40.82267	30.638943	16.160166	56.19331	101.35454	30.345495	59.323135	48.099186	124.9633	76.499275	130.32011	10.661577	124.754776	114.68568	102.75034	64.462	40.239754	92.235535	80.544365	16.886328	124.13777	131.63101	57.737045	119.74004	106.30079	154.21637	52.357952
G000295935	140.51164	81.37459	144.80025	28.445656	98.9743	77.61834	39.62828	82.24763	22.541573	101.68045	15.292046	40.764454	120.629486	65.62048	133.5931	51.143818	74.98939	58.624435	119.684845	4.6047683	0.0	72.31543	45.119545	15.0783825	120.790596	36.550194	65.58878	93.01444	44.60707	153.45322	94.80144	66.84733	48.202785	23.288984	118.4278	161.3432	22.639357	68.25153	98.69406	120.44561	43.55316	21.941036	49.844177	95.58843	17.864273	120.59344	155.9023	101.42915	100.96273	13.362696	134.26164	135.00603	142.8205	114.22508	22.471462	171.36504	169.22234	130.26112	13.720499	133.8664	17.159733	52.93808	60.600937	97.55784	177.89066	114.39116	33.838852	21.13009	113.57682	47.240707	22.033169	10.251878	52.00204	109.0787	34.937664	58.254833	48.74098	140.91714	84.27195	147.56618	6.948722	143.86201	129.90533	110.37943	74.1824	46.192604	93.208046	76.574615	21.41837	139.4227	148.69872	58.75918	134.61723	119.77774	171.71227	47.92251
G900113045	144.51419	117.28973	149.2148	97.45397	136.62813	104.02846	57.949986	66.39882	126.53452	84.12283	97.45141	81.69117	118.26575	32.246628	127.90791	80.3389	91.09083	55.929607	150.53162	74.11674	72.31543	0.0	103.64425	75.67364	152.0013	95.599525	51.736687	92.04284	54.896008	147.69388	112.0819	45.689384	73.343094	70.31378	126.9874	169.1075	126.94987	87.86924	75.67221	118.20361	68.565285	50.66071	76.345924	43.191685	122.75774	103.38873	155.31245	42.06208	68.34162	77.588585	137.08661	176.52379	158.075	120.22717	126.42559	164.725	160.47937	69.00329	94.37772	75.58804	53.18201	134.84377	55.434803	38.917347	153.4205	90.55757	69.45372	50.091732	118.94207	111.6561	108.24308	63.933178	60.35365	96.48202	67.70042	62.261513	59.290356	151.88368	74.931206	148.23996	77.942345	148.59169	136.59447	56.251575	110.18999	135.61255	49.033337	71.480995	52.001347	146.21149	163.44913	54.761414	127.15196	80.71843	166.97162	54.91978
G000390185	60.58862	41.686264	62.27724	10.904057	34.0005	36.856525	51.060444	71.009476	40.07098	110.46225	36.140236	95.16261	72.85532	77.53295	83.43684	52.18736	61.182423	73.830246	50.11135	33.566883	45.119545	103.64425	0.0	36.289967	78.8775	30.926798	114.61383	56.69761	42.025127	102.78822	54.613316	51.49488	71.15364	48.817528	69.07277	72.279495	40.589043	48.64477	56.486477	72.617546	36.753567	58.475876	27.058846	96.37728	41.586487	88.07386	110.30669	94.15785	155.9343	24.637989	58.562344	57.80582	61.37504	65.43758	40.260746	80.438255	122.23336	203.84602	37.41383	98.540405	76.30632	20.936382	77.156784	161.80727	111.08904	67.47755	44.439648	56.728764	65.48931	23.653727	40.129246	54.957054	99.18131	105.27655	56.98698	62.85209	60.85244	60.32149	60.975975	65.05842	47.13956	61.36838	81.531044	103.37436	37.78235	18.97429	124.21599	89.6151	51.646072	61.45156	68.53987	74.61133	76.812004	117.72168	84.18444	103.11443
G900116615	106.769	54.957306	114.81221	25.550276	75.8198	51.538883	24.934673	57.432995	40.181183	93.8544	10.581035	62.91453	93.55184	62.336475	108.38307	26.745066	63.238358	42.821217	89.9986	21.377924	15.0783825	75.67364	36.289967	0.0	110.378815	25.729113	63.423584	79.302635	38.118095	136.94981	81.073845	63.12816	46.78966	3.1171968	92.78577	126.43626	40.48345	39.050865	87.853325	93.36992	32.081562	35.600643	35.085236	93.72247	21.682423	91.21808	137.92455	100.82853	99.10884	4.17828	99.16188	109.01739	111.04434	83.18374	40.20484	142.31711	151.51434	150.9582	8.555596	127.307335	22.177206	32.202484	45.762836	114.40866	149.48781	101.69537	25.41579	30.7066	82.626366	36.559727	12.543575	9.139992	52.847595	102.080376	39.029568	33.817852	32.814434	106.43306	63.782192	113.55613	10.571235	114.88582	111.53584	117.51247	53.714134	42.331417	92.62476	49.274628	28.816275	103.72301	121.65477	44.444813	110.16436	114.13969	139.06891	47.46926
G000348925	101.44414	87.86615	99.372536	79.46321	93.884544	58.461403	101.79109	114.5328	150.45161	161.51247	129.1889	158.20734	45.02383	129.4462	38.6528	115.37654	48.718163	130.07346	99.391624	106.23238	120.790596	152.0013	78.8775	110.378815	0.0	79.81165	179.67924	104.26134	80.76095	76.950165	44.35754	125.838806	122.28231	120.83244	50.96043	107.457085	151.14452	120.21665	137.92522	44.90716	72.4228	125.50676	74.24174	157.29312	137.29611	60.601406	64.49631	130.57932	209.54716	93.51359	108.67639	99.473785	91.97277	50.356663	150.692	112.987434	80.85995	260.0663	128.07817	158.75323	156.70523	104.94363	132.96892	208.54036	90.298874	104.80208	103.26914	120.59556	50.964733	66.02733	127.510124	132.04208	140.16623	140.00522	98.91525	127.468575	122.478966	106.42875	63.41612	101.89919	133.16132	96.78086	34.19994	155.57408	94.798386	123.776085	189.8577	132.01991	115.155075	109.24715	92.53387	130.18916	68.4186	132.5265	109.54144	160.62381
G000373245	98.75282	64.611404	103.670135	17.272888	69.819565	37.037357	35.02513	75.28656	58.510567	112.791245	36.852192	74.90475	76.56247	76.57071	85.22324	45.099724	45.73615	68.859535	86.619576	31.60865	36.550194	95.599525	30.926798	25.729113	79.81165	0.0	94.23634	87.57694	34.24002	122.36914	61.873516	77.43403	66.42102	32.701332	72.55651	117.80845	58.81145	51.565777	102.59909	76.35189	27.844921	45.656258	21.673368	106.42101	45.66649	77.2954	122.78052	105.35228	124.26327	18.106401	95.200554	99.8145	102.36787	67.4623	58.543747	132.24948	138.45824	186.48459	35.37627	136.88016	60.136204	44.201004	72.50151	142.3557	139.37418	97.29284	45.554028	40.924442	67.42933	26.486483	37.398994	36.220066	68.39297	111.2694	27.295801	56.72752	57.32904	99.35881	62.930138	104.66649	35.50518	102.73802	90.96339	132.0492	60.208103	53.873283	122.979454	73.93299	37.990234	98.396355	108.134026	70.52329	95.97719	106.34657	127.92001	73.0753
G000812565	142.56844	104.31839	150.97334	97.715904	133.45761	116.428604	43.376118	53.535145	122.14055	40.699734	92.19489	60.6259	134.488	34.468117	149.31415	52.612743	97.13553	28.355358	143.64474	71.93867	65.58878	51.736687	114.61383	63.423584	179.67924	94.23634	0.0	82.35903	47.602104	170.16245	132.9524	68.47229	48.913826	51.340096	147.7454	166.66893	122.48983	80.929	95.01036	134.43533	52.847893	35.584557	69.18684	51.45703	123.38389	116.356094	174.91284	69.00807	10.268565	67.744286	131.45581	179.11018	162.11824	130.13724	121.97875	173.43277	180.415	61.39836	87.43868	106.88523	30.416628	138.56041	28.355385	37.97482	179.50325	136.95322	51.02525	33.60039	128.76094	96.81196	106.78889	44.11568	25.050652	61.32147	56.00316	33.282352	32.381382	149.92369	87.20443	146.65877	57.9411	151.40794	157.14432	124.604164	98.00484	146.30186	28.883121	45.514065	34.429626	141.97464	161.5217	28.823196	147.28362	75.34337	174.75919	17.21173
G001567185	39.598755	39.79361	43.713764	66.04419	53.091637	71.524925	71.7367	40.990257	110.146484	48.022434	102.495636	89.18444	69.807945	48.451366	86.34248	67.856346	62.629486	47.626705	48.643692	78.036194	93.01444	92.04284	56.69761	79.302635	104.26134	87.57694	82.35903	0.0	32.956505	91.263664	72.68837	51.17647	48.4767	81.24239	88.14526	57.18014	110.75301	87.8905	43.585476	69.740456	42.009438	63.146236	40.741177	54.479965	125.32657	80.57819	105.913795	58.777504	104.57041	66.192444	38.598373	84.75885	64.84704	70.424065	110.187225	59.960407	109.15901	146.12128	102.13544	50.802486	91.94277	96.257256	47.84056	111.95198	87.89114	83.91035	51.859623	62.187313	69.98321	61.882565	119.1712	86.62027	73.785385	42.183147	74.14139	53.88991	48.381184	44.542286	54.340305	43.174946	90.74424	43.347527	77.25801	100.72442	31.953356	99.33246	62.755	75.98735	56.233223	41.920876	51.09134	46.630924	69.47971	54.508865	70.48248	78.28992
G001683905	64.17496	40.95023	69.43485	34.451096	56.633385	42.04657	29.273542	38.629658	77.94729	40.646202	60.50407	46.300053	58.434624	32.35605	70.2123	41.54335	28.779953	33.19336	61.992023	36.68956	44.60707	54.896008	42.025127	38.118095	80.76095	34.24002	47.602104	32.956505	0.0	95.75944	57.33377	45.615837	26.216396	39.347763	69.578926	83.94837	78.35117	57.38468	59.972786	58.345745	10.300617	25.17589	13.099541	48.55875	81.306656	58.12212	100.7607	51.637383	64.98147	28.713722	59.68643	87.02769	78.29773	54.39661	77.90818	94.417534	110.039635	109.613174	58.975998	71.67517	46.027203	70.85297	34.169525	72.789925	104.58851	83.73504	30.63321	23.154448	53.91287	31.60717	71.545204	39.407055	27.898684	38.997482	19.10607	31.943222	31.912857	68.67274	39.495075	68.224655	45.938896	69.17024	72.42379	84.68134	34.314266	79.625725	53.335903	50.72565	19.440025	65.22167	72.5678	32.78574	73.34548	41.45185	94.3902	36.4853
G000715495	81.22357	92.12293	80.98165	110.765236	73.73685	90.377716	130.64026	108.57114	172.45964	152.09308	156.09137	169.7841	68.61397	123.42309	68.84991	132.06656	95.536316	123.04651	71.280594	137.57634	153.45322	147.69388	102.78822	136.94981	76.950165	122.36914	170.16245	91.263664	95.75944	0.0	64.41796	103.91469	130.6235	141.07317	73.08452	81.71812	173.27283	140.3842	96.282104	68.45498	102.82841	137.3306	93.844864	127.95238	174.42102	100.450966	9.9350195	121.95887	196.03362	124.58047	87.24277	93.42679	52.313015	82.06785	172.68175	69.67985	8.222023	228.49374	155.90984	105.17992	162.76395	129.47942	124.46396	193.99982	28.024841	96.80939	116.429306	134.3881	82.34605	113.64361	166.35716	153.167	153.34134	139.53853	136.23549	125.827934	119.959915	94.61912	79.1051	80.14035	159.27927	78.10755	19.578104	141.87923	91.01023	137.3468	149.06084	140.55933	128.34431	95.57765	80.76939	122.59002	9.334931	126.60396	56.064167	158.11667
G001078055	68.87463	68.82994	67.50829	55.984238	62.59305	51.12739	62.108334	66.860115	125.76647	134.02025	106.4159	133.79794	34.646683	91.188	35.46975	68.91749	41.862114	80.144394	76.90337	80.062935	94.80144	112.0819	54.613316	81.073845	44.35754	61.873516	132.9524	72.68837	57.33377	64.41796	0.0	88.5355	91.61859	86.96692	35.19488	78.2426	126.54338	85.37333	92.07754	34.46359	49.6342	91.590004	48.063774	117.50023	113.97365	44.686695	64.643166	95.75559	165.86386	67.58098	72.69685	77.36654	61.773636	40.566673	125.99528	81.37766	77.80908	227.5925	104.06562	118.29998	121.58696	82.6256	82.6629	174.70396	78.45507	79.693954	61.69248	84.57184	40.561974	48.970337	105.54091	97.94456	109.07945	118.16971	79.052536	79.064804	73.0907	79.14708	21.020687	69.55821	101.23633	65.04769	34.60187	130.69409	69.970764	99.20058	145.84807	79.44859	78.70182	79.0493	69.90285	80.47417	48.33148	99.85254	80.76719	123.85945
G000423565	75.20702	65.148926	81.35948	58.835068	67.92295	75.619026	64.2879	43.644703	85.04898	82.69633	68.7905	98.02806	95.68509	24.090036	108.601364	55.398785	89.61425	44.135696	76.65318	61.244324	66.84733	45.689384	51.49488	63.12816	125.838806	77.43403	68.47229	51.17647	45.615837	103.91469	88.5355	0.0	73.150375	62.33179	98.893936	96.4032	85.67418	54.041237	12.2764635	95.508896	52.574863	56.108105	52.003025	24.219381	94.81109	97.45041	121.83166	30.859798	101.48882	60.875088	69.53424	109.71119	90.26609	91.43924	85.13783	86.14031	124.760254	118.66241	69.25891	32.308044	62.189194	79.84797	44.640064	84.01791	103.018036	36.85966	44.183765	54.39732	90.43002	76.35829	80.12264	66.37644	88.092674	91.02882	78.116776	44.759777	41.03218	77.87835	61.651466	79.3848	71.596535	80.76693	103.56725	49.505848	61.32366	71.0668	50.96737	68.527855	51.86336	75.24646	98.82117	43.369286	79.7237	94.776886	92.94209	76.693634
G900115665	88.19482	55.640575	90.767334	62.52372	95.71612	79.33753	45.440773	61.303364	86.513275	42.653122	69.69889	36.13871	99.10677	53.36254	115.182465	61.23969	49.78094	43.165836	87.534256	47.8363	48.202785	73.343094	71.15364	46.78966	122.28231	66.42102	48.913826	48.4767	26.216396	130.6235	91.61859	73.150375	0.0	49.734688	117.121994	106.81958	86.82711	94.640526	87.49138	99.021416	32.729256	31.755817	36.431744	68.0993	85.917244	98.884186	136.52481	83.31569	65.82682	37.69644	82.0863	102.73816	110.28547	97.2678	86.342964	122.63659	143.4674	101.64847	67.5257	99.90205	46.78082	92.40559	43.076683	72.83802	150.39148	132.125	29.141186	32.323692	96.935616	51.72065	86.51275	42.184025	21.904871	38.32101	38.18698	48.17222	44.446377	91.39687	65.95873	91.84492	50.061047	90.76577	106.834366	117.98888	45.074814	105.11924	52.5955	65.49704	29.639174	87.64366	88.053185	42.37189	110.901	48.310432	127.596054	33.687527
G900112005	109.23134	59.22182	119.08437	37.152866	83.24102	56.85769	21.568472	48.180634	57.243107	86.77113	18.80243	70.020775	95.11569	55.59558	110.521355	20.033209	67.909966	33.61282	96.52099	31.970625	23.288984	70.31378	48.817528	3.1171968	120.83244	32.701332	51.340096	81.24239	39.347763	141.07317	86.96692	62.33179	49.734688	0.0	95.19086	130.55551	57.59162	33.636585	88.25426	94.94681	32.943764	38.150993	37.891754	86.07509	35.959053	86.7538	141.9652	95.39502	84.232925	10.600756	100.08249	120.562126	116.91385	83.66313	57.263268	146.00444	154.32277	143.1572	15.892004	125.327354	20.113892	44.2872	36.385777	105.584145	149.51422	101.97277	26.41585	31.892921	82.85417	45.113655	20.559244	10.526567	48.196552	99.279976	42.775406	24.219006	25.529512	109.64731	61.738995	115.846985	15.54802	119.62073	117.17435	120.29264	59.54635	57.745323	82.45738	36.284107	30.314766	105.41168	128.85579	35.54447	112.398506	112.02258	141.90906	40.399715
G000373265	76.59415	73.36392	77.661514	73.27535	65.74314	46.976887	74.62285	78.33397	151.94162	137.8938	120.29502	170.24922	19.402582	109.56961	20.315086	77.02382	53.58007	98.42141	81.613335	107.11834	118.4278	126.9874	69.07277	92.78577	50.96043	72.55651	147.7454	88.14526	69.578926	73.08452	35.19488	98.893936	117.121994	95.19086	0.0	81.7578	152.6925	72.86496	104.85185	19.303587	56.428234	119.78237	62.68544	130.18517	137.48193	28.749908	63.09596	109.80888	180.24216	82.61094	80.256035	81.2573	63.808933	11.776448	152.20618	92.35891	81.018936	245.52792	117.82731	129.65521	138.13185	88.3691	102.105156	192.25958	69.37807	73.42742	86.425964	110.79391	11.739168	60.199577	113.34164	119.61428	127.11097	124.87293	96.07111	90.12781	91.09401	85.59952	35.12683	76.73882	124.70112	75.48374	43.27133	142.65317	83.544785	109.35626	163.9241	89.85224	104.41866	83.93307	77.77998	99.95329	50.395454	124.87741	84.18668	142.23595
G000296815	8.936642	51.375618	8.627629	99.28452	48.96664	82.990875	115.933304	89.864914	173.04988	120.25369	148.52275	186.41406	74.99007	118.98047	85.18701	100.91617	93.84815	109.208275	36.113556	144.69029	161.3432	169.1075	72.279495	126.43626	107.457085	117.80845	166.66893	57.18014	83.94837	81.71812	78.2426	96.4032	106.81958	130.55551	81.7578	0.0	174.13739	102.09273	72.67669	74.782906	79.08756	145.48026	64.94061	117.53436	175.0939	96.11905	93.54083	121.37122	197.7516	109.72657	10.288118	36.005596	22.289711	64.659805	173.39479	13.779276	95.667366	262.05875	149.25577	99.35635	174.93547	96.93813	111.37634	220.02437	80.15918	99.2884	92.13553	140.44864	65.11902	75.457	156.83665	156.6232	150.53503	104.35975	131.83417	99.34483	105.173615	11.906833	77.489494	6.604451	159.72916	9.16942	73.01654	160.08022	53.91233	120.76674	149.43546	122.16884	130.82465	12.595022	13.1760235	109.936935	54.958603	118.7918	16.746841	167.10452
G000473765	154.28429	93.52608	158.70296	30.637041	90.962364	100.06629	88.76966	127.701836	0.027913222	143.58958	22.98033	68.472885	160.83876	109.9637	177.62926	91.63979	120.94048	104.509544	115.93101	19.082241	22.639357	126.94987	40.589043	40.48345	151.14452	58.81145	122.48983	110.75301	78.35117	173.27283	126.54338	85.67418	86.82711	57.59162	152.6925	174.13739	0.0	100.25315	104.81668	160.58238	82.13231	53.35216	76.79053	134.73685	15.393187	181.45021	183.10732	146.93307	168.64261	33.91567	148.96533	137.41869	148.90285	153.34943	0.010560494	182.04861	196.16032	185.53049	24.781244	147.19846	52.27903	46.42348	107.066216	160.64108	202.8809	135.78802	67.83647	54.79046	153.13824	68.27095	31.61449	41.436237	109.397255	149.92657	76.96022	102.55931	87.922134	152.37349	132.60661	163.78632	26.710617	157.3703	159.42783	128.87573	80.2226	22.382149	138.22633	138.83577	52.422256	153.92134	162.83961	104.3875	156.9462	174.37207	182.58041	98.94842
G900142205	86.231834	65.9949	94.60194	52.457382	66.89863	57.04974	39.53062	51.98782	99.64111	105.8884	55.427113	139.02095	82.10951	63.3488	93.24992	21.50568	90.16823	55.55965	90.40802	71.25434	68.25153	87.86924	48.64477	39.050865	120.21665	51.565777	80.929	87.8905	57.38468	140.3842	85.37333	54.041237	94.640526	33.636585	72.86496	102.09273	100.25315	0.0	73.633354	81.90238	38.622017	81.835556	48.523647	87.78882	83.55948	70.511635	140.67905	83.92127	117.83033	42.86972	78.720505	109.259926	96.64242	61.789745	99.86264	111.344864	153.15108	192.79683	53.359715	116.8951	67.08873	51.059605	59.831097	143.64217	132.71477	64.440544	47.325756	72.83476	60.90266	46.595417	45.609886	59.108414	94.82916	117.30289	71.84509	33.618908	45.243114	86.363045	58.705093	90.39531	64.08983	95.73209	118.77594	124.41972	73.77352	69.528305	113.20186	47.080017	68.610016	82.07376	109.93288	58.802643	102.54587	143.85826	110.36605	92.50303
G000482465	53.78043	61.65219	59.85354	71.489265	57.51911	85.216446	88.21964	48.33373	104.0678	91.94517	96.29886	124.00157	98.78183	42.852352	113.8184	71.19765	103.64662	55.689144	61.630375	86.23065	98.69406	75.67221	56.486477	87.853325	137.92522	102.59909	95.01036	43.585476	59.972786	96.282104	92.07754	12.2764635	87.49138	88.25426	104.85185	72.67669	104.81668	73.633354	0.0	98.595665	69.42995	81.14651	62.160076	37.417572	121.31935	109.37891	120.327225	44.674408	130.88367	82.454414	49.485535	98.680756	70.89764	96.47162	104.23382	62.26398	120.019966	152.74309	97.44365	23.478745	95.92785	89.922165	56.303356	119.112656	92.51783	45.676384	59.60042	78.42066	95.68242	88.91034	110.37835	96.38226	115.764694	96.43228	107.68478	58.407497	52.7406	57.312737	68.90004	57.600258	99.64153	59.477127	103.11029	63.024014	54.92739	79.31561	65.71861	85.72124	72.99237	55.339794	81.31003	54.91055	72.337074	103.8468	69.72287	105.5538
G001611675	67.47353	60.92774	70.310196	75.61609	66.55189	39.91958	70.7057	65.772156	159.72304	115.94396	126.219475	156.62927	0.0028046237	95.62918	4.5726366	77.43495	37.516827	86.45579	71.6987	108.92196	120.44561	118.20361	72.617546	93.36992	44.90716	76.35189	134.43533	69.740456	58.345745	68.45498	34.46359	95.508896	99.021416	94.94681	19.303587	74.782906	160.58238	81.90238	98.595665	0.0	48.089058	112.82374	58.894672	118.412155	145.68996	12.913113	59.499126	93.54328	161.01144	82.74101	71.21199	81.262375	60.767216	16.544798	160.0015	85.146385	75.24779	225.54126	123.52054	114.37312	135.35002	96.80282	89.68407	173.60103	57.63559	78.896835	80.222786	104.31097	16.488958	58.68399	124.42095	117.461525	110.2815	100.115524	89.81127	82.31017	82.83358	77.615	26.195028	67.220825	126.85301	68.796646	35.079838	134.28581	69.35504	121.88421	145.97418	82.5133	98.21794	75.43654	67.10567	87.74697	47.773144	97.004944	79.49239	129.10388
G000331535	61.983356	37.227062	66.77415	30.022238	54.884666	37.553204	22.053617	36.811565	81.61053	52.41534	55.814632	66.77186	48.20665	39.89244	58.324665	27.236467	27.527504	35.573643	64.05413	39.25699	43.55316	68.565285	36.753567	32.081562	72.4228	27.844921	52.847893	42.009438	10.300617	102.82841	49.6342	52.574863	32.729256	32.943764	56.428234	79.08756	82.13231	38.622017	69.42995	48.089058	0.0	36.122894	13.997123	63.26836	76.107895	43.15969	103.0163	58.623756	76.83496	23.272871	57.920216	80.47319	77.72759	40.29102	81.683205	92.76982	115.24966	139.84526	53.533024	91.9268	51.649387	58.419083	37.907803	94.5488	108.766884	77.383385	23.58564	32.061604	39.86444	14.527099	58.93292	41.01533	35.241703	49.755047	23.140463	29.176092	31.10852	65.90431	32.050564	65.56346	46.90059	66.73857	71.872	107.542076	36.153152	75.391716	74.95642	41.300766	28.025883	62.42756	69.1173	36.45136	75.55151	61.53277	94.45458	48.741646
G000222485	121.03395	82.282265	125.545654	41.60146	101.2693	78.10228	34.63307	57.390846	53.177433	56.330135	48.25853	18.640749	112.94314	37.601055	126.22668	54.250015	61.801056	35.627224	113.385826	17.686264	21.941036	50.66071	58.475876	35.600643	125.50676	45.656258	35.584557	63.146236	25.17589	137.3306	91.590004	56.108105	31.755817	38.150993	119.78237	145.48026	53.35216	81.835556	81.14651	112.82374	36.122894	0.0	36.176243	57.978947	60.101295	109.043495	145.34639	67.471	52.688103	30.190847	114.737465	139.32574	134.94513	111.22219	52.99227	150.69908	153.72836	84.32339	46.087467	97.10378	21.527077	90.04257	35.857662	56.471474	157.28392	113.25434	37.030865	2.4855018	110.4679	59.61297	65.12109	18.392061	25.58608	64.86908	21.514557	43.57781	34.16434	126.26793	71.93166	126.59308	21.34725	124.2765	119.224785	96.73737	68.429306	82.95069	47.247185	61.742226	3.6717563	122.40184	131.65721	34.76739	119.014656	58.423935	154.10388	19.715782
