	G001803285	G001580195	G000378105	G000172555	G000171235	G000019665	G000436395	G001919485	G001439535	G001304075	G001804885	G000385295	G001917935	G000264605	G000382665	G000383755	G001683795	G000817245	G000437075	G000155695	G000402275	G900141815	G000383735	G001914855	G001318295	G000953475	G001914875	G000383715	G000526255	G001831055	G000406005	G001647615	G000025905	G000020225	G001613545	G000172155	G000739615	G000493945	G001604585	G001940945	G001917295	G000285795	G000428305	G001604605	G001604625	G001603055	G000379365	G000980515	G000170755	G000438015	G000405145	G001438005	G001803205	G001804785	G001803225	G000382685	G000242935	G000723745	G001017655	G000372285	G001872735	G000972765	G000405125	G001580015	G000380785	G000019965	G000173075	G001578645	G001803255	G001803315
G001803285	0.0	89.86824	188.35495	95.23355	104.676346	280.68054	102.62451	141.31673	152.3887	103.05188	145.56923	210.49893	161.2514	202.90456	292.82642	264.9882	64.63465	377.0772	101.505714	161.89882	421.7015	153.20709	204.83073	149.25165	219.37927	347.86758	142.1178	184.4959	136.2464	326.25052	182.5864	89.91669	127.52578	103.1479	81.67107	71.6902	94.16935	422.99393	102.184944	102.39851	100.12409	205.73277	175.0167	179.60165	100.02396	124.79407	114.50957	98.0414	334.31506	248.30518	432.10385	121.98975	403.00204	202.59326	256.20828	288.67566	94.47561	103.335655	86.98383	157.11487	268.83276	103.349464	425.88037	187.93495	423.20273	169.60506	98.39804	89.84989	0.37960663	0.06697355
G001580195	89.86824	0.0	233.23425	133.79547	184.09993	224.36348	5.5910835	216.88246	224.99768	201.90218	147.37526	216.69485	240.74844	219.59485	265.0583	240.58267	86.29366	315.35306	3.5372903	218.51222	363.53403	165.36263	222.07132	226.26643	190.00087	289.9301	217.05434	196.8316	174.23244	289.6005	236.67816	0.0017735552	196.22937	5.1363997	139.41759	99.69351	159.96487	364.5313	126.19027	5.8927484	5.919507	222.12534	233.20428	169.31892	101.86575	187.677	147.67896	7.0226874	317.64545	222.3545	371.70578	157.36734	338.39224	169.84917	196.0826	263.27594	178.04413	4.666172	165.6763	206.79921	254.42975	193.5932	366.43802	258.74173	364.6882	285.89694	184.71753	0.002201205	88.02625	90.53055
G000378105	188.35495	233.23425	0.0	45.292168	163.04022	164.02055	226.06229	79.97375	31.050192	117.9188	75.31527	59.697563	102.81181	40.930305	133.75504	114.42784	123.63346	195.29187	262.63348	53.898815	290.9003	17.80985	41.000484	88.9711	66.55175	171.70557	80.741806	45.896538	182.15242	154.36147	75.862785	233.37042	22.361273	229.89317	108.75851	98.84172	135.83719	291.87354	110.39587	224.82748	217.22658	42.83522	28.318151	74.337074	79.11883	300.66522	147.75186	207.89482	122.57467	182.43127	300.5982	91.75714	240.11823	131.2306	188.59651	127.819466	222.17545	235.1142	215.88156	49.550987	108.18223	142.941	293.0644	188.82074	291.89172	259.05023	145.17792	233.16435	184.999	189.71402
G000172555	95.23355	133.79547	45.292168	0.0	107.42565	128.75894	124.91	43.85634	33.56677	81.79229	34.524956	46.342297	64.2389	42.233288	105.37348	86.91813	68.68954	174.6853	160.2458	56.078484	236.30743	42.555492	43.280174	52.147057	68.208855	152.82533	44.304123	34.357548	148.07625	127.045906	51.598465	133.91748	25.697533	128.68398	75.16675	73.33741	107.117455	237.5037	78.93113	123.58204	118.40727	43.641155	32.685555	41.683678	35.78965	225.68465	110.650085	111.27246	123.34701	108.34155	245.1791	59.59025	202.36325	77.072105	121.126656	101.6078	148.25885	132.90562	152.57318	33.22497	88.961655	102.19036	239.49316	162.00581	237.58298	202.96452	96.66432	133.74313	92.27635	96.16938
G000171235	104.676346	184.09993	163.04022	107.42565	0.0	282.77182	197.88509	96.777016	111.91908	57.65278	189.92624	228.91373	99.74503	180.3091	300.21323	276.43085	59.70037	363.05707	196.85355	95.760666	427.23685	161.7111	180.519	97.41867	229.87782	335.9055	96.4397	206.69092	102.73319	298.31458	183.228	184.1042	118.568886	200.58876	49.21621	88.87917	60.423344	427.26797	80.76712	196.66089	192.12563	182.39015	139.04716	189.75272	118.02373	82.718285	92.3826	188.9077	310.93283	222.5067	435.082	96.982925	401.806	210.4773	275.4811	295.9901	28.807182	202.61147	65.32695	160.99599	259.81735	21.348522	429.9307	65.693756	427.4877	79.46905	40.61044	183.96815	107.00263	104.66042
G000019665	280.68054	224.36348	164.02055	128.75894	282.77182	0.0	197.68018	195.21236	176.48494	263.17743	96.29201	83.78217	217.39201	71.760826	47.86167	43.85328	214.19585	28.627285	257.22968	167.48506	124.58223	140.60605	72.72486	207.49931	70.66156	21.89565	194.7174	93.14852	259.03366	46.36928	138.4169	224.51653	178.69081	203.69394	232.79106	237.397	275.169	124.45994	234.39731	195.67657	190.67328	70.89921	155.99078	52.781483	106.00374	399.17584	217.53542	182.9788	75.84736	108.65198	127.34141	130.65063	94.902374	70.217354	82.6029	48.536278	327.8247	210.48615	324.3784	123.604454	57.382023	271.10043	124.66142	329.38657	124.43653	409.5779	281.94302	224.24284	274.3497	281.4943
G000436395	102.62451	5.5910835	226.06229	124.91	197.88509	197.68018	0.0	213.26506	219.82094	214.61551	127.91859	192.86006	238.82162	202.70758	233.60408	211.04507	93.13458	279.8017	11.4816475	216.99266	325.99838	158.81236	205.37694	223.1341	168.51324	256.37122	213.20485	176.65504	192.01825	256.59067	218.5127	5.6176047	193.76236	0.27534428	153.28813	113.57469	181.06987	327.02966	136.34335	0.10279277	0.32561916	205.05753	223.22699	146.31355	94.17988	218.5777	160.63014	0.74153715	286.89215	195.88971	333.84958	155.91646	299.55823	145.63658	165.22462	232.29364	197.59955	0.523633	188.23895	191.37119	224.28917	208.56763	328.77884	274.75577	327.14984	309.29654	201.41388	5.585665	99.85889	103.37262
G001919485	141.31673	216.88246	79.97375	43.85634	96.777016	195.21236	213.26506	0.0	26.62486	40.54751	93.015434	109.7822	4.5058703	78.64992	177.0097	158.13695	93.36635	241.51677	246.27835	48.000706	308.26562	98.738686	77.08381	2.0892456	131.07518	218.47118	0.34263447	96.253136	131.14247	176.00816	70.91341	216.9698	38.34127	218.26654	70.4806	126.27646	103.74395	309.2603	87.918304	211.29544	205.97351	79.25388	38.6973	91.40006	76.22128	229.98463	102.184654	197.80115	173.28967	124.97119	316.7365	98.49951	265.81888	114.06204	174.00928	172.563	122.70508	222.93849	114.16369	62.98851	136.36806	84.99116	311.61548	107.05542	309.44037	124.50052	57.503635	216.83316	139.3442	142.09656
G001439535	152.3887	224.99768	31.050192	33.56677	111.91908	176.48494	219.82094	26.62486	0.0	59.884407	72.21766	76.324295	39.50033	52.550022	149.91061	131.89597	91.64627	215.27072	255.88414	36.46485	286.2258	51.029182	51.547653	31.082254	93.32634	191.3769	27.212084	63.297287	146.09451	155.34354	53.96109	225.09511	11.196188	224.52032	74.79517	102.23942	103.22787	287.1968	76.47142	218.01462	211.5796	54.142162	19.1589	73.3615	68.38828	249.24469	114.597206	202.43918	136.31123	135.47545	295.3775	86.07486	240.43646	107.712074	168.45142	144.1732	154.60277	229.67665	147.94127	40.745117	108.76044	92.55572	288.92316	123.74948	287.33096	170.61572	84.959595	224.90187	149.76068	153.42052
G001304075	103.05188	201.90218	117.9188	81.79229	57.65278	263.17743	214.61551	40.54751	59.884407	0.0	151.36563	191.32767	43.06241	141.32614	276.69955	251.15852	73.87085	340.59772	221.71458	63.696316	419.23102	121.365974	139.08556	41.07878	188.57422	311.44257	40.70335	166.36058	72.362816	276.0085	137.39807	201.95169	65.72279	217.68945	30.564123	83.78797	49.941147	419.48993	59.079792	213.17853	208.16646	142.57898	94.663574	159.74849	93.515854	121.95908	59.343746	202.40164	276.84076	210.58647	428.16272	97.091675	376.81607	184.92657	262.5957	271.44946	59.972008	220.37695	51.74886	117.36216	228.71593	39.260475	421.7029	59.671677	419.75427	61.2738	21.66133	201.8545	103.93444	103.400406
G001804885	145.56923	147.37526	75.31527	34.524956	189.92624	96.29201	127.91859	93.015434	72.21766	151.36563	0.0	24.20156	120.076805	48.222317	61.080112	50.37933	114.178955	118.42838	181.42706	106.189156	144.86868	58.217403	49.351765	104.717445	42.94727	101.46149	93.7106	23.834352	220.87271	83.02622	39.894405	147.53735	65.86087	132.48929	144.92506	136.82129	189.94373	145.93114	122.9605	126.09961	121.35572	49.887043	69.54127	21.055182	53.717373	315.17477	176.07593	112.83097	79.36577	87.27865	152.34805	109.34882	110.539444	34.76338	58.364986	58.4306	229.8316	138.12288	224.78181	33.839973	48.915115	184.25552	147.67351	247.38284	145.97281	301.84113	183.26077	147.30156	140.30122	146.50787
G000385295	210.49893	216.69485	59.697563	46.342297	228.91373	83.78217	192.86006	109.7822	76.324295	191.32767	24.20156	0.0	137.31747	28.651522	32.763115	24.811207	163.88615	89.64715	254.09012	109.37659	136.52417	60.223064	30.265219	122.20589	42.326633	76.25099	110.27067	4.1082253	264.24695	58.728764	45.03199	216.89066	71.57402	198.49316	182.94653	173.9729	232.03242	137.50388	175.71541	190.90755	184.71953	29.366161	57.966682	21.658041	78.25497	385.15164	216.24406	174.4983	47.38482	103.69593	143.36884	118.188286	101.642525	56.07377	77.42057	30.016212	288.96103	205.23134	286.1925	35.512062	35.980114	221.8912	138.53793	285.0416	137.51593	355.55777	224.77533	216.60837	204.44827	211.76593
G001917935	161.2514	240.74844	102.81181	64.2389	99.74503	217.39201	238.82162	4.5058703	39.50033	43.06241	120.076805	137.31747	0.0	100.02291	203.40746	184.84373	107.02272	265.8957	270.12772	60.187332	335.90988	126.24991	97.93051	3.287667	160.69914	242.89207	4.5426083	123.39539	135.53873	197.25772	93.60443	240.81831	56.772854	244.05212	79.27518	147.6243	109.82653	336.66882	101.360954	236.66968	231.46324	100.39223	52.690094	115.0466	95.9189	234.51982	109.04394	223.41776	197.58609	136.7713	343.87097	114.8354	291.8468	133.32753	195.59697	199.0124	121.50026	248.8244	115.14767	86.57623	160.44534	88.20191	339.06226	100.19959	336.8708	112.8616	55.946064	240.69337	159.60086	161.98212
G000264605	202.90456	219.59485	40.930305	42.233288	180.3091	71.760826	202.70758	78.64992	52.550022	141.32614	48.222317	28.651522	100.02291	0.0	52.194176	39.309464	137.15584	98.95375	253.94882	51.61614	181.71687	44.211823	0.6068914	90.14504	38.369102	81.45842	78.68822	26.300915	180.97066	66.158775	49.311897	219.74403	50.705006	208.27776	131.2182	143.9851	171.68091	182.51549	145.14772	200.85559	193.83961	0.46917218	42.275288	23.43754	54.980797	324.2025	142.40477	184.39607	59.775047	109.63878	188.73116	65.93765	141.01991	64.46679	106.53393	48.992184	238.01314	214.55096	230.44237	31.376135	46.40426	163.97275	183.59395	222.30104	182.57504	291.23038	168.50107	219.47867	198.14696	203.94768
G000382665	292.82642	265.0583	133.75504	105.37348	300.21323	47.86167	233.60408	177.0097	149.91061	276.69955	61.080112	32.763115	203.40746	52.194176	0.0	2.6778128	235.66298	35.985683	306.1388	170.57657	68.81471	127.59698	54.197456	190.70215	61.519947	30.913881	176.99814	49.861115	326.7206	24.240374	87.99809	265.26056	154.3395	240.73349	260.5183	261.00458	312.57593	69.12805	256.1414	230.96686	225.38614	51.88773	123.586555	34.081734	118.0706	451.66553	277.30194	214.93942	26.64504	92.00242	72.43892	154.17485	48.85739	55.460102	60.657066	1.2655853	358.67514	248.68019	359.85284	85.191345	25.53263	293.14713	69.48587	357.528	69.10143	437.59436	304.0227	264.95404	285.93835	293.82993
G000383755	264.9882	240.58267	114.42784	86.91813	276.43085	43.85328	211.04507	158.13695	131.89597	251.15852	50.37933	24.811207	184.84373	39.309464	2.6778128	0.0	211.16585	41.857906	280.11127	148.39201	85.64459	106.63053	41.249832	171.91397	50.144947	34.29526	158.12709	37.566284	296.57816	28.636787	78.24714	240.78133	132.17511	217.65982	233.1906	231.50285	283.64932	86.11701	232.33826	208.66568	203.00151	39.052795	106.61029	25.83169	99.33554	423.97943	248.24344	193.07735	31.508535	93.29846	90.06055	131.55739	62.2495	51.581257	61.858776	2.118714	333.56207	225.14407	332.58704	70.810875	26.47145	268.81113	86.63495	334.62704	86.09907	411.8162	277.72086	240.48418	258.32227	266.0414
G001683795	64.63465	86.29366	123.63346	68.68954	59.70037	214.19585	93.13458	93.36635	91.64627	73.87085	114.178955	163.88615	107.02272	137.15584	235.66298	211.16585	0.0	294.75586	100.61002	80.106834	353.96942	100.54969	137.43709	98.25914	156.07515	267.16342	93.76693	141.18584	84.816216	243.0457	139.49129	86.3069	82.57123	94.66912	41.013264	55.18785	61.840252	355.1856	52.22932	92.64582	88.94471	139.544	111.39809	124.36635	60.39144	116.95848	66.19123	85.89954	260.2178	176.20465	363.30322	76.11097	327.1444	140.85094	195.31464	231.65883	70.24718	96.40329	75.6709	114.51181	201.78168	64.41928	357.87418	116.750275	355.35385	141.93552	65.05591	86.19447	64.07407	64.940346
G000817245	377.0772	315.35306	195.29187	174.6853	363.05707	28.627285	279.8017	241.51677	215.27072	340.59772	118.42838	89.64715	265.8957	98.95375	35.985683	41.857906	294.75586	0.0	355.14026	225.4553	78.69283	184.37825	100.27307	253.94324	86.58369	1.8226836	241.05424	110.68668	365.6576	27.581238	155.36171	315.5645	226.582	287.35724	320.94418	325.54254	370.93167	78.350296	311.0746	277.06506	271.47876	98.12285	188.51294	71.57988	164.36401	507.60522	318.69577	261.44867	50.257988	118.04084	79.78974	205.26349	49.047882	85.84202	83.484856	37.835228	418.21945	295.87283	416.8587	152.03456	50.346493	355.66898	77.991196	403.30927	78.24864	492.8862	366.61673	315.24454	370.03976	377.99802
G000437075	101.505714	3.5372903	262.63348	160.2458	196.85355	257.22968	11.4816475	246.27835	255.88414	221.71458	181.42706	254.09012	270.12772	253.94882	306.1388	280.11127	100.61002	355.14026	0.0	245.6944	408.47675	190.1321	256.49695	255.361	222.10904	328.49176	246.33331	231.88596	184.75388	330.5448	276.2039	3.524292	225.15083	10.489341	153.19522	107.78501	169.48631	409.36795	140.65157	12.001924	12.484786	256.51147	266.35944	203.38794	123.77744	186.75389	161.10072	14.658868	359.23224	258.71094	416.72345	179.35318	381.9506	205.05168	232.64597	304.58826	186.6844	9.22294	174.36066	242.48697	293.91278	207.31082	411.11304	271.3075	409.54565	296.8736	199.23782	3.5565891	100.18132	102.16067
G000155695	161.89882	218.51222	53.898815	56.078484	95.760666	167.48506	216.99266	48.000706	36.46485	63.696316	106.189156	109.37659	60.187332	51.61614	170.57657	148.39201	80.106834	225.4553	245.6944	0.0	319.88422	63.43152	50.462124	55.43336	103.149185	199.28076	48.146942	92.870316	94.14381	170.36784	84.702194	218.59859	35.270073	221.13766	62.25498	103.17568	89.69256	320.88547	93.6622	215.52646	208.57884	52.604637	54.998962	85.01465	65.33045	215.99098	71.384674	201.00015	169.93257	157.32231	328.85742	50.86064	276.15747	126.35672	195.11687	165.5088	138.59132	225.61548	133.76578	61.93093	135.1852	78.26421	323.10483	124.7809	321.06708	168.73477	81.104355	218.38782	159.95357	162.65767
G000402275	421.7015	363.53403	290.9003	236.30743	427.23685	124.58223	325.99838	308.26562	286.2258	419.23102	144.86868	136.52417	335.90988	181.71687	68.81471	85.64459	353.96942	78.69283	408.47675	319.88422	0.0	279.35443	184.75029	322.85226	162.98163	83.46884	308.1725	172.94487	479.38538	63.0157	169.21436	363.77475	308.78552	334.3079	406.9541	419.49045	466.28766	0.55818415	380.22656	322.34888	318.22186	181.71391	266.64075	120.414444	235.1638	574.80396	429.1284	307.04492	80.141014	122.9767	1.071203	302.216	32.371067	102.361496	80.77339	72.61747	478.05435	343.28934	484.27338	193.00116	74.99618	429.3352	1.1544738	486.54898	0.5571821	567.4166	443.7221	363.42188	414.15286	422.28336
G900141815	153.20709	165.36263	17.80985	42.555492	161.7111	140.60605	158.81236	98.738686	51.029182	121.365974	58.217403	60.223064	126.24991	44.211823	127.59698	106.63053	100.54969	184.37825	190.1321	63.43152	279.35443	0.0	44.49988	109.74022	45.793472	159.40813	99.38887	44.56912	152.8212	155.3651	84.082466	165.48982	32.419075	161.59167	92.60826	66.67272	120.337555	280.12717	91.94264	158.07495	151.2644	46.22704	53.246418	61.704075	50.39563	268.46335	119.405876	143.75058	130.27373	181.54326	288.76016	76.38181	225.77979	114.33965	165.8108	122.767075	209.30882	165.7216	196.22026	53.61072	108.645454	141.94243	281.1726	196.49387	280.16162	265.93253	146.61629	165.30788	149.70238	154.41177
G000383735	204.83073	222.07132	41.000484	43.280174	180.519	72.72486	205.37694	77.08381	51.547653	139.08556	49.351765	30.265219	97.93051	0.6068914	54.197456	41.249832	137.43709	100.27307	256.49695	50.462124	184.75029	44.49988	0.0	88.3037	39.040886	82.59303	77.13742	27.4849	178.33115	67.08956	49.74056	222.22128	50.15891	211.00027	130.40213	144.3199	170.89612	185.48328	144.6641	203.55246	196.49928	0.7308113	42.303886	24.524889	55.348534	324.4464	140.25153	186.98405	61.080204	111.31645	191.70424	66.19629	142.43048	65.783	108.87891	51.0236	237.70714	217.2929	229.06271	31.674038	47.828213	163.58015	186.531	220.12584	185.54713	288.59683	167.34515	221.95961	200.16441	205.88896
G001914855	149.25165	226.26643	88.9711	52.147057	97.41867	207.49931	223.1341	2.0892456	31.082254	41.07878	104.717445	122.20589	3.287667	90.14504	190.70215	171.91397	98.25914	253.94324	255.361	55.43336	322.85226	109.74022	88.3037	0.0	144.04123	230.85202	2.252972	108.354	134.9224	186.97975	81.34783	226.34944	45.72889	228.22475	73.80269	133.72028	105.69641	323.70706	91.75478	221.12228	215.93082	90.63783	44.490356	102.61794	84.66153	231.95583	106.76141	207.79198	185.55687	130.65424	331.14117	107.88357	278.47934	123.14062	183.95085	186.22545	121.32557	232.95024	114.52702	74.29264	148.5974	86.47453	326.09476	101.91656	323.88513	117.92795	56.440704	226.224	147.51259	150.04059
G001318295	219.37927	190.00087	66.55175	68.208855	229.87782	70.66156	168.51324	131.07518	93.32634	188.57422	42.94727	42.326633	160.69914	38.369102	61.519947	50.144947	156.07515	86.58369	222.10904	103.149185	162.98163	45.793472	39.040886	144.04123	0.0	70.199036	131.207	43.364826	216.32227	71.50767	67.685074	190.152	82.840454	172.77644	169.81664	149.48262	212.24243	163.99724	149.26958	166.86465	160.4146	39.571125	88.46948	31.566944	69.959274	356.0817	173.61534	152.14369	73.70812	119.14033	170.50694	102.99123	122.371414	69.86592	100.60834	59.20497	283.44733	178.63031	268.65454	49.934826	50.06331	216.49286	164.59769	266.7667	163.99077	350.75894	223.59145	189.89383	214.00917	220.55495
G000953475	347.86758	289.9301	171.70557	152.82533	335.9055	21.89565	256.37122	218.47118	191.3769	311.44257	101.46149	76.25099	242.89207	81.45842	30.913881	34.29526	267.16342	1.8226836	328.49176	199.28076	83.46884	159.40813	82.59303	230.85202	70.199036	0.0	218.08348	94.33797	333.2408	24.66865	137.98224	290.13318	200.47835	263.6044	291.15656	294.47803	338.9673	83.19094	282.07278	253.7517	248.09807	80.83215	167.91899	57.70464	141.9649	476.47977	287.51337	238.35558	45.571686	109.22333	85.24924	180.48842	50.847427	74.437386	77.09638	32.19984	389.92743	271.7802	386.74783	131.84135	42.500706	327.09802	82.91868	376.1596	83.10838	463.83057	337.78363	289.82138	341.10263	348.80396
G001914875	142.1178	217.05434	80.741806	44.304123	96.4397	194.7174	213.20485	0.34263447	27.212084	40.70335	93.7106	110.27067	4.5426083	78.68822	176.99814	158.12709	93.76693	241.05424	246.33331	48.146942	308.1725	99.38887	77.13742	2.252972	131.207	218.08348	0.0	96.742325	130.96092	175.49695	71.66994	217.14334	39.150745	218.23189	70.72859	126.79764	103.7836	309.0606	88.26159	211.23619	205.92632	79.25588	39.388355	91.45859	76.192345	229.60791	101.989494	197.78035	173.62979	124.49305	316.47226	98.09028	265.74307	114.33129	174.11954	172.65602	122.44785	222.92911	114.08685	63.47854	136.37349	84.747826	311.38852	106.40565	309.24258	123.96109	57.41823	217.0048	140.17827	142.89294
G000383715	184.4959	196.8316	45.896538	34.357548	206.69092	93.14852	176.65504	96.253136	63.297287	166.36058	23.834352	4.1082253	123.39539	26.300915	49.861115	37.566284	141.18584	110.68668	231.88596	92.870316	172.94487	44.56912	27.4849	108.354	43.364826	94.33797	96.742325	0.0	234.76172	78.94244	46.620876	197.01907	53.51364	181.5917	156.2127	144.46335	202.58931	173.90375	152.09308	175.11171	168.8727	27.094297	46.970963	25.097555	65.60068	354.98392	188.95673	159.29364	67.35536	117.00215	180.52696	102.29672	131.6195	64.37931	92.76189	46.251495	264.85507	187.70662	258.69284	31.015192	51.81485	199.40831	174.9024	262.64493	173.93045	328.309	199.47086	196.75732	178.88873	185.81252
G000526255	136.2464	174.23244	182.15242	148.07625	102.73319	259.03366	192.01825	131.14247	146.09451	72.362816	220.87271	264.24695	135.53873	180.97066	326.7206	296.57816	84.816216	365.6576	184.75388	94.14381	479.38538	152.8212	178.33115	134.9224	216.32227	333.2408	130.96092	234.76172	0.0	326.48352	233.19836	174.20085	137.49953	193.40646	41.41177	87.68706	47.807335	479.9535	96.88841	191.62729	186.53288	181.78375	184.77672	201.31772	99.6355	113.72229	6.219654	184.10071	349.4906	279.12808	488.22684	86.5705	436.5643	235.36594	316.69318	321.74475	87.348885	194.3	63.9424	192.4435	291.35254	75.68386	481.8912	102.213	480.22955	117.04107	64.51159	174.16241	137.51355	136.37837
G001831055	326.25052	289.6005	154.36147	127.045906	298.31458	46.36928	256.59067	176.00816	155.34354	276.0085	83.02622	58.728764	197.25772	66.158775	24.240374	28.636787	243.0457	27.581238	330.5448	170.36784	63.0157	155.3651	67.08956	186.97975	71.50767	24.66865	175.49695	78.94244	326.48352	0.0	92.61278	289.79022	171.77023	264.2542	268.88004	286.53598	322.69928	62.83673	259.4289	253.60138	248.00777	65.708954	134.69678	43.22344	132.6571	458.8187	279.5163	237.41084	27.743763	70.67926	65.22323	170.4247	43.897675	53.896786	58.648945	25.338005	358.2366	272.5778	360.66727	99.094505	21.218601	293.26968	63.378197	341.50595	62.814804	426.5609	303.0432	289.47977	319.54855	327.2364
G000406005	182.5864	236.67816	75.862785	51.598465	183.228	138.4169	218.5127	70.91341	53.96109	137.39807	39.894405	45.03199	93.60443	49.311897	87.99809	78.24714	139.49129	155.36171	276.2039	84.702194	169.21436	84.082466	49.74056	81.34783	67.685074	137.98224	71.66994	46.620876	233.19836	92.61278	0.0	236.84521	56.099796	224.25032	155.51933	176.11392	202.34624	170.84853	146.76497	216.05301	210.16779	50.831055	55.79938	42.183468	84.10396	346.4436	189.56856	199.43939	88.856804	94.850136	177.45375	119.89222	149.1081	61.50197	97.21638	84.84632	235.4012	230.81895	227.66977	12.651525	60.64705	176.14638	173.12373	233.40479	170.94771	280.10992	174.2578	236.56679	177.82375	183.52856
G001647615	89.91669	0.0017735552	233.37042	133.91748	184.1042	224.51653	5.6176047	216.9698	225.09511	201.95169	147.53735	216.89066	240.81831	219.74403	265.26056	240.78133	86.3069	315.5645	3.524292	218.59859	363.77475	165.48982	222.22128	226.34944	190.152	290.13318	217.14334	197.01907	174.20085	289.79022	236.84521	0.0	196.33932	5.1583915	139.44969	99.729774	159.96877	364.77185	126.216385	5.9199452	5.9483485	222.27832	233.31163	169.47757	101.96318	187.65765	147.66432	7.056775	317.85947	222.46289	371.94492	157.4246	338.63165	169.99129	196.23894	263.48303	178.03212	4.6847825	165.66182	206.94928	254.61406	193.59517	366.6819	258.7491	364.92908	285.88824	184.7284	0.0019512143	88.07492	90.57883
G000025905	127.52578	196.22937	22.361273	25.697533	118.568886	178.69081	193.76236	38.34127	11.196188	65.72279	65.86087	71.57402	56.772854	50.705006	154.3395	132.17511	82.57123	226.582	225.15083	35.270073	308.78552	32.419075	50.15891	45.72889	82.840454	200.47835	39.150745	53.51364	137.49953	171.77023	56.099796	196.33932	0.0	197.27397	71.43367	79.510315	96.97881	310.0293	73.86964	192.58076	185.87665	52.382584	26.076042	72.47395	58.954845	245.80235	104.49073	177.37073	152.58716	160.28027	318.9788	77.11332	261.34537	118.84083	180.69318	148.34457	162.63792	201.67834	148.35707	35.266632	122.57982	101.643524	311.88416	146.53012	310.1501	189.72942	92.19114	196.15099	124.629944	128.6397
G000020225	103.1479	5.1363997	229.89317	128.68398	200.58876	203.69394	0.27534428	218.26654	224.52032	217.68945	132.48929	198.49316	244.05212	208.27776	240.73349	217.65982	94.66912	287.35724	10.489341	221.13766	334.3079	161.59167	211.00027	228.22475	172.77644	263.6044	218.23189	181.5917	193.40646	264.2542	224.25032	5.1583915	197.27397	0.0	155.0922	113.76509	182.36723	335.36652	137.86938	0.42171425	0.5814388	210.67142	228.12454	151.84067	97.46335	218.4494	162.2791	1.1699237	294.76187	202.81798	342.26166	159.28868	307.9034	151.6822	171.70161	239.30577	199.79236	0.16174658	190.05112	196.22551	231.4639	211.24765	337.18622	277.65735	335.48697	312.3663	204.28178	5.1297903	100.431046	103.89299
G001613545	81.67107	139.41759	108.75851	75.16675	49.21621	232.79106	153.28813	70.4806	74.79517	30.564123	144.92506	182.94653	79.27518	131.2182	260.5183	233.1906	41.013264	320.94418	153.19522	62.25498	406.9541	92.60826	130.40213	73.80269	169.81664	291.15656	70.72859	156.2127	41.41177	268.88004	155.51933	139.44969	71.43367	155.0922	0.0	39.62944	24.129545	407.61032	43.49698	152.68279	147.74443	133.11652	99.72926	146.44057	65.37994	90.65937	33.09484	143.92426	272.19882	214.31285	416.2059	66.39523	367.68185	174.58456	246.58649	255.74835	50.04287	156.74095	45.855648	123.98001	223.62141	29.468609	409.68893	64.84621	407.81998	85.410416	24.295849	139.38855	82.35794	82.03402
G000172155	71.6902	99.69351	98.84172	73.33741	88.87917	237.397	113.57469	126.27646	102.23942	83.78797	136.82129	173.9729	147.6243	143.9851	261.00458	231.50285	55.18785	325.54254	107.78501	103.17568	419.49045	66.67272	144.3199	133.72028	149.48262	294.47803	126.79764	144.46335	87.68706	286.53598	176.11392	99.729774	79.510315	113.76509	39.62944	0.0	45.663086	420.1529	49.546318	113.69827	108.95813	146.43169	123.01486	152.36453	68.62526	120.18094	71.449936	106.20005	281.96902	254.91464	429.76175	74.717896	377.1704	198.08205	261.87796	256.03577	106.70689	114.33994	99.54731	133.84534	235.66531	76.8728	421.7553	128.59717	420.28317	168.79478	81.59397	99.69186	71.7892	72.29419
G000739615	94.16935	159.96487	135.83719	107.117455	60.423344	275.169	181.06987	103.74395	103.22787	49.941147	189.94373	232.03242	109.82653	171.68091	312.57593	283.64932	61.840252	370.93167	169.48631	89.69256	466.28766	120.337555	170.89612	105.69641	212.24243	338.9673	103.7836	202.58931	47.807335	322.69928	202.34624	159.96877	96.97881	182.36723	24.129545	45.663086	0.0	466.59338	57.89913	180.54332	175.75111	173.72153	135.72287	193.01427	97.34923	80.00142	44.180073	172.43239	325.29053	265.65292	475.50095	93.17343	425.08383	224.60347	302.08142	307.44345	54.014706	183.34448	48.790607	166.42781	274.73425	35.60744	468.44156	68.0952	466.8032	77.57388	28.761534	159.94563	95.80767	94.465096
G000493945	422.99393	364.5313	291.87354	237.5037	427.26797	124.45994	327.02966	309.2603	287.1968	419.48993	145.93114	137.50388	336.66882	182.51549	69.12805	86.11701	355.1856	78.350296	409.36795	320.88547	0.55818415	280.12717	185.48328	323.70706	163.99724	83.19094	309.0606	173.90375	479.9535	62.83673	170.84853	364.77185	310.0293	335.36652	407.61032	420.1529	466.59338	0.0	380.9191	323.34204	319.24716	182.47893	267.92596	120.99444	235.77946	574.25366	429.94263	308.07022	80.211136	122.732735	0.29342598	302.86572	31.848154	103.12518	81.154915	73.00055	477.93942	344.34113	484.1524	194.37988	75.06619	429.2783	0.39371324	486.1616	0.005829613	566.70575	444.15414	364.42178	415.47873	423.5707
G001604585	102.184944	126.19027	110.39587	78.93113	80.76712	234.39731	136.34335	87.918304	76.47142	59.079792	122.9605	175.71541	101.360954	145.14772	256.1414	232.33826	52.22932	311.0746	140.65157	93.6622	380.22656	91.94264	144.6641	91.75478	149.26958	282.07278	88.26159	152.09308	96.88841	259.4289	146.76497	126.216385	73.86964	137.86938	43.49698	49.546318	57.89913	380.9191	0.0	135.35551	131.27725	147.94553	108.80896	140.6011	75.55793	129.97697	78.40132	127.24205	258.4241	192.34859	389.80548	105.39271	336.27753	156.55151	219.62685	252.30363	93.50984	139.71681	88.2318	120.00931	206.25319	67.57725	382.74118	87.79063	381.1049	137.68253	65.14725	126.11546	101.5936	102.80655
G001940945	102.39851	5.8927484	224.82748	123.58204	196.66089	195.67657	0.10279277	211.29544	218.01462	213.17853	126.09961	190.90755	236.66968	200.85559	230.96686	208.66568	92.64582	277.06506	12.001924	215.52646	322.34888	158.07495	203.55246	221.12228	166.86465	253.7517	211.23619	175.11171	191.62729	253.60138	216.05301	5.9199452	192.58076	0.42171425	152.68279	113.69827	180.54332	323.34204	135.35551	0.0	0.3284882	203.1951	221.49487	144.28017	93.078964	217.88109	160.13202	0.66881096	283.84668	192.56212	330.11023	154.77597	296.02798	143.09743	162.47884	229.68716	196.36307	0.73716533	187.20024	189.31679	221.40123	207.12297	325.11353	272.7932	323.4632	307.62415	200.25514	5.884174	99.646065	103.14201
G001917295	100.12409	5.919507	217.22658	118.40727	192.12563	190.67328	0.32561916	205.97351	211.5796	208.16646	121.35572	184.71953	231.46324	193.83961	225.38614	203.00151	88.94471	271.47876	12.484786	208.57884	318.22186	151.2644	196.49928	215.93082	160.4146	248.09807	205.92632	168.8727	186.53288	248.00777	210.16779	5.9483485	185.87665	0.5814388	147.74443	108.95813	175.75111	319.24716	131.27725	0.3284882	0.0	196.14543	215.01653	139.05243	88.56529	215.44379	154.98103	0.30220276	277.72232	189.78293	326.07025	149.00319	291.6523	139.53564	159.70006	223.97897	193.33237	0.98875105	184.13408	182.99141	215.98497	202.35522	321.0067	268.2735	319.36453	304.00195	196.04575	5.9072456	97.35514	100.85592
G000285795	205.73277	222.12534	42.83522	43.641155	182.39015	70.89921	205.05753	79.25388	54.142162	142.57898	49.887043	29.366161	100.39223	0.46917218	51.88773	39.052795	139.544	98.12285	256.51147	52.604637	181.71391	46.22704	0.7308113	90.63783	39.571125	80.83215	79.25588	27.094297	181.78375	65.708954	50.831055	222.27832	52.382584	210.67142	133.11652	146.43169	173.72153	182.47893	147.94553	203.1951	196.14543	0.0	43.90208	23.9102	55.67572	326.87006	143.26659	186.65938	60.043285	110.57777	188.63861	66.83306	140.58113	65.199615	107.16624	48.73203	240.15544	216.98056	232.17139	32.801758	47.035515	166.2231	183.50803	223.62305	182.53801	292.4089	169.89058	222.01047	200.9665	206.7805
G000428305	175.0167	233.20428	28.318151	32.685555	139.04716	155.99078	223.22699	38.6973	19.1589	94.663574	69.54127	57.966682	52.690094	42.275288	123.586555	106.61029	111.39809	188.51294	266.35944	54.998962	266.64075	53.246418	42.303886	44.490356	88.46948	167.91899	39.388355	46.970963	184.77672	134.69678	55.79938	233.31163	26.076042	228.12454	99.72926	123.01486	135.72287	267.92596	108.80896	221.49487	215.01653	43.90208	0.0	67.1923	78.93192	292.54565	147.4914	205.39468	116.510574	133.28438	275.69946	92.14802	226.21468	105.29062	157.25897	118.35432	190.92993	233.8347	194.81152	41.14426	96.00117	125.66042	269.9243	164.05618	267.98068	220.26903	115.89759	233.1184	171.61478	176.18361
G001604605	179.60165	169.31892	74.337074	41.683678	189.75272	52.781483	146.31355	91.40006	73.3615	159.74849	21.055182	21.658041	115.0466	23.43754	34.081734	25.83169	124.36635	71.57988	203.38794	85.01465	120.414444	61.704075	24.524889	102.61794	31.566944	57.70464	91.45859	25.097555	201.31772	43.22344	42.183468	169.47757	72.47395	151.84067	146.44057	152.36453	193.01427	120.99444	140.6011	144.28017	139.05243	23.9102	67.1923	0.0	38.213383	322.24808	159.58636	130.43044	48.771843	62.59654	126.273544	84.755325	85.62848	23.758396	45.75969	32.448177	234.69942	158.06815	228.78694	34.61951	24.653135	181.17253	122.23492	237.77711	121.05573	304.3036	184.40968	169.22578	174.30237	180.53493
G001604625	100.02396	101.86575	79.11883	35.78965	118.02373	106.00374	94.17988	76.22128	68.38828	93.515854	53.717373	78.25497	95.9189	54.980797	118.0706	99.33554	60.39144	164.36401	123.77744	65.33045	235.1638	50.39563	55.348534	84.66153	69.959274	141.9649	76.192345	65.60068	99.6355	132.6571	84.10396	101.96318	58.954845	97.46335	65.37994	68.62526	97.34923	235.77946	75.55793	93.078964	88.56529	55.67572	78.93192	38.213383	0.0	196.43436	72.67523	83.18741	141.63629	117.25665	242.65872	50.240715	195.34993	66.481125	108.43917	115.21364	138.9618	101.11857	128.08684	60.573635	100.966835	104.77447	237.30728	156.76482	235.9201	206.17876	102.26476	101.81832	97.346825	100.69596
G001603055	124.79407	187.677	300.66522	225.68465	82.718285	399.17584	218.5777	229.98463	249.24469	121.95908	315.17477	385.15164	234.51982	324.2025	451.66553	423.97943	116.95848	507.60522	186.75389	215.99098	574.80396	268.46335	324.4464	231.95583	356.0817	476.47977	229.60791	354.98392	113.72229	458.8187	346.4436	187.65765	245.80235	218.4494	90.65937	120.18094	80.00142	574.25366	129.97697	217.88109	215.44379	326.87006	292.54565	322.24808	196.43436	0.0	122.0203	215.87025	478.8105	368.00632	582.168	178.63466	551.54285	335.57614	407.60062	448.2914	49.816097	217.75743	65.936226	307.69458	417.89304	73.06805	576.76245	109.86929	574.56635	109.71035	92.503136	187.62285	129.87595	124.397514
G000379365	114.50957	147.67896	147.75186	110.650085	92.3826	217.53542	160.63014	102.184654	114.597206	59.343746	176.07593	216.24406	109.04394	142.40477	277.30194	248.24344	66.19123	318.69577	161.10072	71.384674	429.1284	119.405876	140.25153	106.76141	173.61534	287.51337	101.989494	188.95673	6.219654	279.5163	189.56856	147.66432	104.49073	162.2791	33.09484	71.449936	44.180073	429.94263	78.40132	160.13202	154.98103	143.26659	147.4914	159.58636	72.67523	122.0203	0.0	152.05014	301.20792	235.7597	438.15793	64.1303	387.10703	192.93518	269.11234	272.60876	86.4066	163.6735	64.12479	151.84743	244.61035	69.19626	431.9385	103.436195	430.18802	121.230545	56.932583	147.59923	114.76978	114.776566
G000980515	98.0414	7.0226874	207.89482	111.27246	188.9077	182.9788	0.74153715	197.80115	202.43918	202.40164	112.83097	174.4983	223.41776	184.39607	214.93942	193.07735	85.89954	261.44867	14.658868	201.00015	307.04492	143.75058	186.98405	207.79198	152.14369	238.35558	197.78035	159.29364	184.10071	237.41084	199.43939	7.056775	177.37073	1.1699237	143.92426	106.20005	172.43239	308.07022	127.24205	0.66881096	0.30220276	186.65938	205.39468	130.43044	83.18741	215.87025	152.05014	0.0	265.81085	181.70438	314.8435	144.0708	280.3955	131.33801	151.47636	213.52237	191.29475	1.7917403	182.09407	173.15892	205.33786	198.33635	309.84198	264.0203	308.18057	300.30762	191.88687	7.0104456	95.13433	98.78058
G000170755	334.31506	317.64545	122.57467	123.34701	310.93283	75.84736	286.89215	173.28967	136.31123	276.84076	79.36577	47.38482	197.58609	59.775047	26.64504	31.508535	260.2178	50.257988	359.23224	169.93257	80.141014	130.27373	61.080204	185.55687	73.70812	45.571686	173.62979	67.35536	349.4906	27.743763	88.856804	317.85947	152.58716	294.76187	272.19882	281.96902	325.29053	80.211136	258.4241	283.84668	277.72232	60.043285	116.510574	48.771843	141.63629	478.8105	301.20792	265.81085	0.0	96.65703	83.452774	184.69502	49.09982	65.90905	74.5641	26.78573	374.42435	303.2123	376.98618	93.96177	18.535097	296.92474	80.61266	349.3157	80.21421	436.93173	310.54865	317.56985	327.36728	335.31525
G000438015	248.30518	222.3545	182.43127	108.34155	222.5067	108.65198	195.88971	124.97119	135.47545	210.58647	87.27865	103.69593	136.7713	109.63878	92.00242	93.29846	176.20465	118.04084	258.71094	157.32231	122.9767	181.54326	111.31645	130.65424	119.14033	109.22333	124.49305	117.00215	279.12808	70.67926	94.850136	222.46289	160.28027	202.81798	214.31285	254.91464	265.65292	122.732735	192.34859	192.56212	189.78293	110.57777	133.28438	62.59654	117.25665	368.00632	235.7597	181.70438	96.65703	0.0	126.03478	165.86821	102.73855	42.80891	53.671307	93.587135	262.21588	209.42476	268.77502	109.10678	60.30733	224.70847	124.71334	261.61777	122.85232	319.3527	223.36736	222.2336	243.37361	249.0989
G000405145	432.10385	371.70578	300.5982	245.1791	435.082	127.34141	333.84958	316.7365	295.3775	428.16272	152.34805	143.36884	343.87097	188.73116	72.43892	90.06055	363.30322	79.78974	416.72345	328.85742	1.071203	288.76016	191.70424	331.14117	170.50694	85.24924	316.47226	180.52696	488.22684	65.22323	177.45375	371.94492	318.9788	342.26166	416.2059	429.76175	475.50095	0.29342598	389.80548	330.11023	326.07025	188.63861	275.69946	126.273544	242.65872	582.168	438.15793	314.8435	83.452774	126.03478	0.0	310.2092	33.079613	107.1774	83.9403	76.45948	485.6121	351.32166	492.10794	201.75136	79.21108	437.50485	0.75002813	493.8127	0.2979278	574.5344	452.3833	371.59503	424.54227	432.67798
G001438005	121.98975	157.36734	91.75714	59.59025	96.982925	130.65063	155.91646	98.49951	86.07486	97.091675	109.34882	118.188286	114.8354	65.93765	154.17485	131.55739	76.11097	205.26349	179.35318	50.86064	302.216	76.38181	66.19629	107.88357	102.99123	180.48842	98.09028	102.29672	86.5705	170.4247	119.89222	157.4246	77.11332	159.28868	66.39523	74.717896	93.17343	302.86572	105.39271	154.77597	149.00319	66.83306	92.14802	84.755325	50.240715	178.63466	64.1303	144.0708	184.69502	165.86821	310.2092	0.0	274.04745	130.89035	187.87006	150.64578	135.11969	162.62985	133.54578	84.29111	146.04315	85.297745	304.8914	152.09224	303.0248	202.43845	103.67266	157.23782	120.7501	122.400955
G001803205	403.00204	338.39224	240.11823	202.36325	401.806	94.902374	299.55823	265.81888	240.43646	376.81607	110.539444	101.642525	291.8468	141.01991	48.85739	62.2495	327.1444	49.047882	381.9506	276.15747	32.371067	225.77979	142.43048	278.47934	122.371414	50.847427	265.74307	131.6195	436.5643	43.897675	149.1081	338.63165	261.34537	307.9034	367.68185	377.1704	425.08383	31.848154	336.27753	296.02798	291.6523	140.58113	226.21468	85.62848	195.34993	551.54285	387.10703	280.3955	49.09982	102.73855	33.079613	274.04745	0.0	68.95812	50.979824	51.82667	451.80856	316.84845	452.58356	165.71375	51.794285	396.2569	31.81999	444.5192	31.834356	529.2614	409.20212	338.2974	395.3615	403.91632
G001804785	202.59326	169.84917	131.2306	77.072105	210.4773	70.217354	145.63658	114.06204	107.712074	184.92657	34.76338	56.07377	133.32753	64.46679	55.460102	51.581257	140.85094	85.84202	205.05168	126.35672	102.361496	114.33965	65.783	123.14062	69.86592	74.437386	114.33129	64.37931	235.36594	53.896786	61.50197	169.99129	118.84083	151.6822	174.58456	198.08205	224.60347	103.12518	156.55151	143.09743	139.53564	65.199615	105.29062	23.758396	66.481125	335.57614	192.93518	131.33801	65.90905	42.80891	107.1774	130.89035	68.95812	0.0	13.766343	55.083904	243.5815	158.01598	240.40858	68.71683	39.42153	205.03568	104.82541	257.62146	103.22794	316.71967	204.61488	169.75572	197.00652	203.39165
G001803225	256.20828	196.0826	188.59651	121.126656	275.4811	82.6029	165.22462	174.00928	168.45142	262.5957	58.364986	77.42057	195.59697	106.53393	60.657066	61.858776	195.31464	83.484856	232.64597	195.11687	80.77339	165.8108	108.87891	183.95085	100.60834	77.09638	174.11954	92.76189	316.69318	58.648945	97.21638	196.23894	180.69318	171.70161	246.58649	261.87796	302.08142	81.154915	219.62685	162.47884	159.70006	107.16624	157.25897	45.75969	108.43917	407.60062	269.11234	151.47636	74.5641	53.671307	83.9403	187.87006	50.979824	13.766343	0.0	61.55027	310.68137	178.47433	313.52814	110.81376	52.00815	277.18787	82.808685	332.86475	81.22964	398.67404	280.01703	195.98917	249.82986	257.06403
G000382685	288.67566	263.27594	127.819466	101.6078	295.9901	48.536278	232.29364	172.563	144.1732	271.44946	58.4306	30.016212	199.0124	48.992184	1.2655853	2.118714	231.65883	37.835228	304.58826	165.5088	72.61747	122.767075	51.0236	186.22545	59.20497	32.19984	172.65602	46.251495	321.74475	25.338005	84.84632	263.48303	148.34457	239.30577	255.74835	256.03577	307.44345	73.00055	252.30363	229.68716	223.97897	48.73203	118.35432	32.448177	115.21364	448.2914	272.60876	213.52237	26.78573	93.587135	76.45948	150.64578	51.82667	55.083904	61.55027	0.0	354.72623	247.23167	355.1885	80.93288	25.476425	288.83588	73.49994	352.6183	72.972786	432.42038	299.08002	263.1757	281.79358	289.69034
G000242935	94.47561	178.04413	222.17545	148.25885	28.807182	327.8247	197.59955	122.70508	154.60277	59.972008	229.8316	288.96103	121.50026	238.01314	358.67514	333.56207	70.24718	418.21945	186.6844	138.59132	478.05435	209.30882	237.70714	121.32557	283.44733	389.92743	122.44785	264.85507	87.348885	358.2366	235.4012	178.03212	162.63792	199.79236	50.04287	106.70689	54.014706	477.93942	93.50984	196.36307	193.33237	240.15544	190.92993	234.69942	138.9618	49.816097	86.4066	191.29475	374.42435	262.21588	485.6121	135.11969	451.80856	243.5815	310.68137	354.72623	0.0	200.83444	31.796938	213.65253	316.15475	23.928303	480.62497	60.775295	478.22177	44.472973	31.954628	177.97911	98.01033	94.08404
