	G001536165	G001536025	G001804665	G000375825	G001872685	G001576985	G001304015	G001304155	G001304035	G000402795	G000402455	G001458575	G001802895	G001803165	G001536145	G001804605	G001567545	G001536045	G001536105	G001802995	G001535985	G001803075	G001873185	G001804635	G001871325	G001516025	G001899175	G001577025	G001536065	G001536125	G001804625	G001803105	G001626695	G000405805	G001919105	G001626685	G001771055	G001302725	G000279145	G001626845	G001442845	G001442855	G001442935	G001442925	G001886815	G001626755	G001775365	G002011685	G001508355	G001802215	G001802205	G000258405	G001626675	G001567175	G001626655	G001643615	G001775405	G001535965	G001773465	G000478645	G001803345	G001485645	G001536205	G001803365	G001536085	G001802805	G001804555	G000402755	G001577215	G001509335	G001485625	G001804545	G001536185	G001804565	G001802785	G001302225	G001802865	G001802795	G001773425	G000403035	G001304315
G001536165	0.0	1.0020152	104.507675	121.12015	168.9808	134.59831	201.17297	150.71425	136.24536	151.46648	139.57495	1.0620456	80.08365	104.08477	0.95858496	95.56121	141.51099	1.2315795	7.253969	91.5748	1.0514015	101.60192	93.65917	104.01105	79.96531	144.82375	241.8279	148.89424	25.77238	1.1036263	188.28824	104.08846	205.69037	255.72008	194.61469	201.20145	164.32422	220.28194	148.94199	147.66907	7.6065936	11.48712	1.0457894	0.951817	135.33455	203.64716	211.26675	210.49002	204.8945	178.87389	101.49215	93.24884	151.31097	201.1683	203.39311	96.97027	118.144295	1.0093791	206.12549	115.77551	104.1263	7.6011763	1.0954202	105.39297	1.0459484	104.42809	188.82214	158.74007	221.54282	194.71841	0.951817	103.63361	1.1764897	119.604164	77.25297	193.56883	108.723564	103.24503	106.58095	138.79918	136.99254
G001536025	1.0020152	0.0	103.103584	117.66484	165.4856	130.66673	197.63495	148.29854	134.12827	148.74432	136.61914	0.18701696	77.795944	102.64569	0.14622997	93.21053	139.45552	0.3960857	6.735415	89.82854	0.16080579	99.98585	91.80081	102.569244	78.41414	142.26862	238.20424	144.79634	25.536217	0.23131049	185.09503	102.66127	202.50826	251.6862	191.32878	197.989	161.10411	216.63815	147.22513	143.6106	7.0239854	10.553261	0.2051515	0.110280655	132.56244	200.4444	208.63829	208.20602	202.24467	175.57597	99.59403	91.24504	147.11629	197.66838	200.17413	94.49075	116.0671	0.17119229	203.3218	113.332504	102.68618	6.994596	0.2067756	104.21735	0.20487252	103.05072	185.66472	155.89153	218.17342	191.9312	0.110280655	101.75701	0.3174245	117.16619	74.940025	189.6999	106.88009	101.34869	104.372826	136.4736	135.22285
G001804665	104.507675	103.103584	0.0	94.83353	152.70183	113.30375	218.33043	159.12056	69.27442	104.70216	110.0522	103.716034	38.3883	0.033536624	103.00364	36.775764	91.11547	103.68593	125.85633	23.80134	102.53111	47.424694	33.227272	0.111810505	19.13819	67.6621	220.02106	128.93019	150.44052	101.78055	156.93387	0.02659433	181.94032	210.30412	176.86702	177.46635	134.90292	225.57286	73.020615	130.0395	125.92524	131.46834	101.58137	102.51769	104.56628	181.30563	187.99762	169.77426	182.79373	154.4844	48.665493	47.465355	132.17221	138.09772	180.0624	70.07907	121.44602	102.118935	180.4419	72.63624	0.03337734	125.73732	102.76179	1.3800313	101.57555	0.07910839	157.7036	107.82224	188.1538	172.4532	102.51769	51.70917	103.51105	72.65196	31.96601	165.13043	69.56597	50.985905	123.74859	89.4082	170.8617
G000375825	121.12015	117.66484	94.83353	0.0	90.184746	28.704304	136.29497	90.74457	41.539227	62.66288	27.484064	117.95094	39.139015	93.50112	117.84083	36.41391	51.230587	118.306305	130.66045	49.18567	116.64981	53.108322	72.58861	93.95778	73.44017	62.079304	207.26288	32.448048	196.23784	115.22626	156.51938	94.37893	158.23015	105.12083	174.90526	151.5119	42.976933	162.07074	108.99905	32.921486	137.36676	142.37975	116.740425	116.63687	94.050186	154.16113	123.12142	122.39963	76.18482	144.55789	47.96754	75.6929	34.38457	116.19571	155.69305	71.750854	66.49786	115.55313	120.4359	28.765196	93.54535	137.10718	117.34714	105.026825	116.73375	94.96169	157.44833	61.875675	148.93127	71.348854	116.63687	48.721977	118.33477	57.727432	47.78746	176.44229	63.440643	48.30986	69.737495	43.798252	82.34501
G001872685	168.9808	165.4856	152.70183	90.184746	0.0	36.940617	54.42444	67.05729	91.97022	238.3475	92.89061	166.62811	149.15288	152.74403	165.99129	130.47783	155.40044	167.95386	197.41571	140.79227	164.1283	173.49413	169.12619	152.35855	148.96309	207.0251	120.07582	43.786724	247.62044	164.02634	63.718266	152.62856	69.72373	334.76755	83.658005	65.37094	43.998047	88.15733	129.90268	45.174126	200.60797	169.21103	165.0056	165.02272	57.849213	67.22935	79.44653	36.886383	44.07758	51.827393	172.27333	210.14069	43.90011	38.39601	67.695305	36.760277	87.79009	164.15967	53.91873	62.352825	152.79765	200.28125	165.2416	150.3645	164.99947	151.38545	63.894398	235.01959	377.86096	37.63453	165.02272	175.57349	166.53308	204.96039	158.76942	75.62818	222.8491	174.67676	109.36811	57.06157	98.00461
G001576985	134.59831	130.66673	113.30375	28.704304	36.940617	0.0	73.368904	54.291824	61.810413	123.6495	40.05956	131.59627	81.73967	112.595894	131.1465	74.023796	97.66953	132.76714	155.37773	85.631905	129.39455	103.75993	114.61934	112.65769	104.49342	117.99849	153.49661	4.0816154	217.50865	128.82431	103.707565	113.00473	103.18458	196.58095	121.298325	97.25939	31.006313	107.7347	120.40944	4.599377	160.76547	149.17043	129.96054	129.94379	63.918423	99.42531	77.23118	68.27611	47.728542	90.286354	100.16643	135.06754	4.5320234	66.16068	100.82487	40.598377	58.482296	128.96423	68.22357	36.688087	112.661476	160.42903	130.56314	117.84404	129.95386	112.91014	104.35755	121.4175	252.68669	41.13379	129.94379	102.14425	131.65222	119.26371	90.487236	114.06063	130.76035	101.46531	67.05565	44.11952	69.22732
G001304015	201.17297	197.63495	218.33043	136.29497	54.42444	73.368904	0.0	36.05455	149.51472	281.70325	111.27208	198.92142	196.10121	218.31595	198.18047	190.21881	216.36255	200.5174	233.14445	193.85745	196.43715	216.32137	237.04582	217.89365	214.68701	258.0041	114.309204	88.3629	300.25043	196.23311	70.77047	218.21028	45.274532	383.21515	73.03168	41.804256	76.46175	21.487299	192.03044	89.92248	237.92795	201.15561	197.49605	197.17819	104.46794	42.16084	41.362522	48.838776	72.77832	47.608303	218.29219	275.35596	87.80948	76.833206	44.076496	71.49239	91.917755	196.21211	27.34936	107.38844	218.40631	237.47765	197.34642	214.56375	197.48947	217.04828	71.12295	277.06384	462.80066	64.58084	197.17819	220.58165	199.03221	281.59973	217.62128	88.93383	267.6397	219.94923	107.21245	103.67049	69.08491
G001304155	150.71425	148.29854	159.12056	90.74457	67.05729	54.291824	36.05455	0.0	113.36836	202.8062	67.58117	149.2613	129.90211	158.91493	148.53685	133.90161	169.25745	150.16142	176.40599	131.79074	147.18549	144.30664	178.76804	158.76343	151.53719	184.76913	160.6404	71.23287	241.0565	146.95308	100.30675	158.97668	76.05567	306.89963	113.59467	71.33384	58.839283	42.273266	155.8917	72.45376	181.88864	157.83205	148.08565	147.7074	92.20605	72.50075	30.456709	61.084766	60.529293	76.21484	147.82166	196.58339	72.09397	95.953384	74.3075	55.88249	44.970375	146.64592	30.551271	76.41302	158.99847	181.56802	148.1226	157.9785	148.08003	158.39795	101.16587	199.89767	375.64432	53.766537	147.7074	149.4943	149.24371	211.07312	151.52654	126.22404	184.46243	148.97711	51.296284	79.44213	19.57131
G001304035	136.24536	134.12827	69.27442	41.539227	91.97022	61.810413	149.51472	113.36836	0.0	99.24725	56.22055	134.85725	49.372643	68.36292	134.55879	23.515076	33.277916	134.38707	157.75206	32.71546	133.17624	42.289223	40.755253	68.5117	47.287704	57.076553	172.25073	70.52395	213.49858	131.87358	120.60517	68.99253	137.77914	160.08258	137.62006	132.93443	51.71985	168.36134	39.136906	71.71062	162.55177	157.609	133.06454	133.31337	59.36961	135.74234	140.10396	102.32397	81.42478	116.877556	40.48016	89.10324	72.48813	94.04259	135.29276	51.272125	83.65867	132.54626	126.12589	11.829314	68.39731	162.27516	133.92484	76.00589	133.05812	69.20388	121.06826	96.57883	173.24243	76.87971	133.31337	41.97302	135.24683	79.024765	52.03735	144.08746	78.42162	41.747227	99.67522	16.933607	105.268074
G000402795	151.46648	148.74432	104.70216	62.66288	238.3475	123.6495	281.70325	202.8062	99.24725	0.0	91.605774	149.02016	43.1782	102.86678	149.19499	54.061485	77.90532	148.43974	154.48947	61.375786	148.14671	50.353443	67.56058	104.053345	82.71684	35.189137	327.1152	131.40143	216.58249	146.29968	283.01056	104.13192	295.14664	43.216972	293.09412	287.976	150.9466	301.02316	162.44829	130.99704	161.6628	192.28667	147.5902	147.84822	179.56085	291.66235	240.20831	271.3425	225.10841	276.8936	44.12335	58.022717	134.4578	248.14941	292.36194	159.64433	139.15688	147.13596	253.24661	105.577126	102.91566	161.40718	149.3972	119.90304	147.58368	105.9789	284.40802	2.6057506	70.40195	217.52179	147.84822	43.6464	149.40732	46.28478	41.717228	294.3055	36.044193	43.593693	125.15181	139.81683	175.17291
G000402455	139.57495	136.61914	110.0522	27.484064	92.89061	40.05956	111.27208	67.58117	56.22055	91.605774	0.0	137.53403	56.306477	108.82034	136.72395	57.10652	74.33016	138.0153	158.78696	67.26743	135.5877	71.978645	107.120674	109.38527	104.48057	85.92912	190.27628	52.771294	229.89095	134.29904	136.99432	109.580986	130.05502	145.09427	157.089	123.62331	52.61784	124.24248	121.939514	53.943832	166.26657	160.59412	135.88214	135.58162	111.96035	126.498604	99.96026	119.42286	79.82203	118.19509	70.12644	102.519104	54.703854	101.68678	127.56184	76.91664	79.77826	134.32138	99.355995	34.417107	108.87562	165.93163	136.026	116.60581	135.87433	109.9246	137.97345	89.55413	226.21606	73.441154	135.58162	70.60634	137.72429	101.310684	75.452095	158.93533	90.130905	70.1227	83.19658	45.333153	69.43972
G001458575	1.0620456	0.18701696	103.716034	117.95094	166.62811	131.59627	198.92142	149.2613	134.85725	149.02016	137.53403	0.0	77.81287	103.25564	0.117740154	93.63168	139.67715	0.35758844	6.3015733	90.06777	0.20132835	99.98581	91.984276	103.180275	78.55434	142.60667	239.8207	145.6672	24.748095	0.2603258	186.75702	103.27128	203.84369	251.90208	192.81595	199.2854	161.75528	217.83539	147.83426	144.52055	6.5718827	10.478462	0.2506526	0.10581866	133.3072	201.72977	209.39677	208.90517	202.83774	177.14029	99.61922	90.80185	147.99142	199.05269	201.50806	95.405975	116.29168	0.1682558	204.17914	114.14291	103.296455	6.5545664	0.20478159	104.84537	0.25058535	103.65534	187.32846	156.25696	217.57964	192.56816	0.10581866	101.78519	0.29786345	116.83792	75.11675	191.7214	106.54958	101.37699	104.592545	137.41275	135.80103
G001802895	80.08365	77.795944	38.3883	39.139015	149.15288	81.73967	196.10121	129.90211	49.372643	43.1782	56.306477	77.81287	0.0	37.37886	77.65855	13.714406	41.37826	77.51248	89.395096	9.510293	77.328575	10.3592205	25.043507	37.942726	24.138685	28.357386	227.66321	93.81181	133.1819	76.129196	175.6917	38.00427	187.55586	110.08268	188.94276	181.70712	93.146904	207.64142	83.32469	94.231064	92.9994	107.330124	76.66686	76.93658	107.66821	185.24068	167.98514	174.0293	147.65062	166.4157	9.282817	13.044255	96.63676	153.94022	185.12282	78.20088	89.90332	76.25527	168.29565	47.271755	37.403526	92.802925	77.31234	45.714436	76.66102	38.84565	176.65833	46.681316	112.36339	139.68507	76.93658	9.979119	78.451775	29.469158	6.4397674	191.66315	13.442113	9.64511	85.939896	69.72585	117.34918
G001803165	104.08477	102.64569	0.033536624	93.50112	152.74403	112.595894	218.31595	158.91493	68.36292	102.86678	108.82034	103.25564	37.37886	0.0	102.55039	35.71097	89.91451	103.22211	125.19925	23.069794	102.07607	46.376354	32.410458	0.09312162	18.682087	66.19004	220.12808	128.12222	150.07828	101.32009	157.23032	0.009677915	182.19717	207.68855	177.21344	177.67995	134.30922	225.622	72.638535	129.21388	125.32313	131.09288	101.1215	102.060295	104.53957	181.5296	188.10358	170.10522	182.39375	154.77693	47.517796	46.475384	131.36603	138.25003	180.30305	70.18689	121.166855	101.65566	180.64548	71.85213	0.00044150723	125.13549	102.3105	1.5951413	101.11559	0.08206385	158.00166	105.920944	185.92194	172.07384	102.060295	50.531147	103.04886	71.33938	31.005585	165.56448	68.17973	49.811924	123.37105	88.746086	170.28358
G001536145	0.95858496	0.14622997	103.00364	117.84083	165.99129	131.1465	198.18047	148.53685	134.55879	149.19499	136.72395	0.117740154	77.65855	102.55039	0.0	93.47696	139.53488	0.34449625	6.602563	89.79915	0.1353646	99.9474	92.15999	102.48741	78.54955	142.76863	238.80438	145.35927	25.305378	0.18922721	185.6638	102.56293	202.77946	252.33789	191.88869	198.22346	161.5685	216.87097	147.59683	144.1877	6.879451	10.569701	0.19075371	0.04679112	133.4402	200.6714	208.78116	208.4449	202.25313	176.04054	99.63886	90.80159	147.66821	197.83473	200.4364	94.985115	116.40626	0.09803561	203.45557	113.62787	102.59078	6.862858	0.15061016	104.01437	0.19073033	102.93189	186.24197	156.47815	218.95076	191.96777	0.04679112	101.808624	0.26476675	117.054276	75.093445	190.61018	106.7775	101.3927	104.766304	136.70421	135.38167
G001804605	95.56121	93.21053	36.775764	36.41391	130.47783	74.023796	190.21881	133.90161	23.515076	54.061485	57.10652	93.63168	13.714406	35.71097	93.47696	0.0	36.027126	93.17656	110.77807	8.4716625	92.6725	15.446495	16.288483	36.17042	19.833784	21.472288	207.77545	82.110634	157.27664	91.418884	155.64832	36.39579	174.46008	114.05257	173.361	168.9025	81.24977	204.7828	49.82759	82.81808	114.97526	122.90262	92.16272	92.514565	89.34853	172.5468	171.60864	156.87932	132.98677	151.00238	13.228113	33.46727	84.99024	134.56158	171.84381	67.15647	92.211815	91.84616	164.96407	30.093523	35.726643	114.72737	93.05069	45.041023	92.156746	37.111908	156.34586	54.426163	112.04178	125.79893	92.514565	14.438866	94.079506	33.139404	11.446279	175.54387	31.709322	14.103876	95.42338	46.941673	123.1305
G001567545	141.51099	139.45552	91.11547	51.230587	155.40044	97.66953	216.36255	169.25745	33.277916	77.90532	74.33016	139.67715	41.37826	89.91451	139.53488	36.027126	0.0	138.97714	152.98918	38.65142	138.768	34.852627	44.420456	90.38927	65.33847	55.95182	244.37299	105.45021	214.1675	136.91911	198.12135	90.80727	215.85944	115.62224	206.09326	209.8224	84.97185	237.69453	88.467316	106.48224	158.00484	170.53958	138.08649	138.32957	108.292915	213.04703	195.72836	168.44133	131.23326	192.03871	31.59514	65.35961	107.474205	153.03441	213.07762	104.363144	117.06936	137.49446	189.17793	45.385204	89.954254	157.80545	138.925	101.26709	138.08177	91.58084	198.8327	79.92946	122.600494	127.37208	138.32957	31.54715	140.30414	58.08546	47.492405	212.20822	49.2864	31.6019	124.93714	61.272957	146.17389
G001536045	1.2315795	0.3960857	103.68593	118.306305	167.95386	132.76714	200.5174	150.16142	134.38707	148.43974	138.0153	0.35758844	77.51248	103.22211	0.34449625	93.17656	138.97714	0.0	6.254813	89.598724	0.37309247	99.24245	91.245514	103.15124	78.111244	142.01715	240.90349	146.8499	24.497362	0.42438295	187.88684	103.24234	205.34535	251.24129	193.78584	200.74055	162.08585	219.36917	146.8465	145.63252	6.5278487	10.602125	0.42451125	0.3235517	133.52603	203.20035	210.54404	210.04744	203.57472	178.32642	98.93225	90.423836	149.1933	200.14615	202.89786	96.03559	116.39835	0.37731302	205.45723	114.19373	103.2599	6.5073524	0.44608623	104.80034	0.42447662	103.63835	188.47015	155.71042	216.48462	193.42549	0.3235517	101.06618	0.49206746	116.4729	74.788414	192.83902	105.906395	100.67456	104.679565	137.52538	135.99252
G001536105	7.253969	6.735415	125.85633	130.66045	197.41571	155.37773	233.14445	176.40599	157.75206	154.48947	158.78696	6.3015733	89.395096	125.19925	6.602563	110.77807	152.98918	6.254813	0.0	106.41012	6.8428555	112.93002	106.03217	125.27874	92.78577	156.13573	278.4948	168.3332	15.901342	7.00048	226.21872	125.31811	240.98624	250.19476	230.65726	236.09325	183.90877	252.6786	177.2786	166.73247	0.9434807	10.537744	6.9410124	6.6079135	160.7306	238.29648	240.14166	241.50977	226.79497	216.53471	111.82154	96.301834	170.94702	238.08464	238.4815	124.42428	133.24315	6.710198	237.09256	137.31259	125.238716	0.9414821	6.7399845	128.26367	6.940545	125.866325	226.79143	162.11874	210.31088	217.35274	6.6079135	113.808	6.643803	121.81395	87.1029	232.76883	110.54464	113.469055	119.466446	163.55351	158.1459
G001802995	91.5748	89.82854	23.80134	49.18567	140.79227	85.631905	193.85745	131.79074	32.71546	61.375786	67.26743	90.06777	9.510293	23.069794	89.79915	8.4716625	38.65142	89.598724	106.41012	0.0	89.27865	7.439013	13.9399605	23.441391	12.723995	28.73065	209.66124	97.89896	147.56555	88.17438	155.80293	23.552305	173.47871	138.0034	171.27641	168.36194	91.062065	204.24155	55.84917	98.68934	109.056885	119.427826	88.55627	89.012825	89.28276	171.9095	167.9011	154.67776	139.3728	150.79195	7.685219	24.766863	100.741135	136.1698	171.22693	66.675804	91.88237	88.39727	162.9297	38.932175	23.091759	108.85568	89.28123	29.701698	88.55086	24.086227	156.54451	63.609325	128.39655	131.82965	89.012825	8.887064	90.53142	41.43294	10.45525	173.20049	23.893654	8.598188	94.16115	55.959084	123.630684
G001535985	1.0514015	0.16080579	102.53111	116.64981	164.1283	129.39455	196.43715	147.18549	133.17624	148.14671	135.5877	0.20132835	77.328575	102.07607	0.1353646	92.6725	138.768	0.37309247	6.8428555	89.27865	0.0	99.59771	91.45047	102.00877	78.03379	141.97888	237.12389	143.54813	25.848944	0.22002481	184.08894	102.09082	201.27304	251.19261	190.28276	196.73042	159.68704	215.29143	146.43619	142.3597	7.170601	10.778198	0.20923594	0.09767229	131.34515	199.14969	207.00713	206.63853	200.74269	174.55971	99.2069	90.9912	145.79617	195.8106	198.92331	93.46422	114.87259	0.14389887	201.69693	112.41044	102.11645	7.1485243	0.20056446	103.60629	0.20921156	102.46361	184.66348	155.27104	218.31372	190.47473	0.09767229	101.382675	0.32930988	116.78249	74.5967	188.66373	106.66199	100.96952	103.32798	135.42056	134.13838
G001803075	101.60192	99.98585	47.424694	53.108322	173.49413	103.75993	216.32137	144.30664	42.289223	50.353443	71.978645	99.98581	10.3592205	46.376354	99.9474	15.446495	34.852627	99.24245	112.93002	7.439013	99.59771	0.0	21.033102	46.88399	25.665941	24.683023	243.88216	116.65677	162.2968	98.03811	192.41673	47.107037	206.2584	116.28993	204.82753	200.82166	102.6278	226.35857	72.148415	117.28144	116.7748	133.10463	98.874054	99.07254	109.70983	204.20314	181.9556	182.9894	154.67674	185.38058	0.87673646	24.852732	119.75482	171.44998	203.83832	91.31502	96.42623	98.391174	183.4113	50.616913	46.407375	116.57858	99.505066	55.77373	98.868935	48.032936	193.27463	53.449707	110.17735	148.14006	99.07254	0.9463094	100.76587	42.059643	15.449689	213.84818	11.448492	0.95152545	95.01953	71.0947	121.36862
G001873185	93.65917	91.80081	33.227272	72.58861	169.12619	114.61934	237.04582	178.76804	40.755253	67.56058	107.120674	91.984276	25.043507	32.410458	92.15999	16.288483	44.420456	91.245514	106.03217	13.9399605	91.45047	21.033102	0.0	32.84482	10.684403	32.296963	234.14642	124.368645	141.86299	90.14041	184.36002	32.957874	209.8652	138.48846	193.53445	204.98955	120.83141	252.54788	54.915283	125.22589	108.61409	122.60396	90.520294	91.24856	91.507645	208.57071	217.28412	188.81276	180.38557	184.68709	18.767374	35.061913	127.49543	168.21364	207.39128	82.3439	117.13301	90.92386	210.0767	58.53807	32.43609	108.41399	91.90215	40.78013	90.51578	33.71396	184.89748	70.323425	101.23124	172.52948	91.24856	20.382778	92.596	44.866703	15.80027	195.54599	35.435753	20.203447	118.20376	79.31213	162.46454
G001804635	104.01105	102.569244	0.111810505	93.95778	152.35855	112.65769	217.89365	158.76343	68.5117	104.053345	109.38527	103.180275	37.942726	0.09312162	102.48741	36.17042	90.38927	103.15124	125.27874	23.441391	102.00877	46.88399	32.84482	0.0	18.945198	67.13247	219.72621	128.12018	149.92961	101.23771	156.76445	0.088278085	181.74602	209.36581	176.80379	177.24896	134.40656	225.41693	72.4441	129.18275	125.34847	130.94139	101.05247	101.99685	103.91366	181.07521	187.92874	169.3986	182.02585	154.29703	48.091717	47.209427	131.33943	138.05746	179.84663	69.86664	121.03055	101.58327	180.36752	71.95339	0.0934134	125.155846	102.228714	1.5427277	101.0466	0.12931503	157.53235	107.045494	187.32423	171.72351	101.99685	51.121098	102.98573	72.162575	31.563286	164.9648	68.99836	50.399742	123.34385	88.713585	170.32758
G001871325	79.96531	78.41414	19.13819	73.44017	148.96309	104.49342	214.68701	151.53719	47.287704	82.71684	104.48057	78.55434	24.138685	18.682087	78.54955	19.833784	65.33847	78.111244	92.78577	12.723995	78.03379	25.665941	10.684403	18.945198	0.0	46.79405	219.28188	116.30357	119.214035	77.318695	162.07193	18.9471	184.302	176.97974	176.36646	179.91957	113.31993	227.0944	53.560337	117.194725	93.79822	102.58275	77.21587	77.9575	83.31403	183.37833	192.85828	165.73347	163.48807	160.21982	26.02086	34.388542	119.494865	152.96716	182.13266	64.70564	101.53399	77.660225	185.38954	55.857254	18.69716	93.61648	78.35571	23.143852	77.21024	19.442875	162.66426	85.314445	133.06819	155.29202	77.9575	28.438353	78.97685	52.764072	17.321293	176.42392	44.264328	28.080652	103.25738	73.22772	143.57512
G001516025	144.82375	142.26862	67.6621	62.079304	207.0251	117.99849	258.0041	184.76913	57.076553	35.189137	85.92912	142.60667	28.357386	66.19004	142.76863	21.472288	55.95182	142.01715	156.13573	28.73065	141.97888	24.683023	32.296963	67.13247	46.79405	0.0	277.9111	124.52069	211.33769	139.9859	231.40662	67.27474	246.54543	73.085884	243.23062	240.50943	128.07536	267.85724	88.18825	125.10701	162.17805	182.03357	141.27556	141.50218	145.55547	244.28677	220.37468	228.82959	197.84793	226.56741	20.712318	42.74307	127.87629	210.67865	243.67065	124.10904	127.42958	140.56471	224.65372	73.92563	66.212555	161.8964	142.55856	80.29553	141.2695	68.768	232.32251	35.625515	79.99673	190.28133	141.50218	20.954212	143.43825	33.707657	23.628733	251.67087	27.28938	20.664373	123.52937	99.21832	164.89494
G001899175	241.8279	238.20424	220.02106	207.26288	120.07582	153.49661	114.309204	160.6404	172.25073	327.1152	190.27628	239.8207	227.66321	220.12808	238.80438	207.77545	244.37299	240.90349	278.4948	209.66124	237.12389	243.88216	234.14642	219.72621	219.28188	277.9111	0.0	166.93819	323.48117	237.5425	34.417694	219.90811	76.46725	433.35977	50.042885	75.6554	163.9828	138.11827	176.65092	168.27998	280.0724	247.38573	237.46428	237.88036	146.35086	76.884705	183.79132	120.34974	163.51591	49.259285	245.20796	286.6783	166.14067	93.33544	76.22831	121.53712	211.20428	237.22661	145.61742	148.55304	220.1812	279.7022	237.47353	214.73338	237.46156	218.62259	34.12389	323.77982	477.15308	154.70496	237.88036	248.54955	239.50642	304.8355	239.45642	69.58935	296.6459	247.78082	233.378	138.5325	202.52534
G001577025	148.89424	144.79634	128.93019	32.448048	43.786724	4.0816154	88.3629	71.23287	70.52395	131.40143	52.771294	145.6672	93.81181	128.12222	145.35927	82.110634	105.45021	146.8499	168.3332	97.89896	143.54813	116.65677	124.368645	128.12018	116.30357	124.52069	166.93819	0.0	231.10387	142.84956	118.85665	128.61212	119.06483	195.58179	135.93103	113.01038	39.029408	128.51784	130.34697	0.6202828	173.88145	164.34483	144.18153	144.06422	72.99307	115.00886	96.91855	79.30714	55.030476	106.77125	111.700035	146.20035	0.47146404	81.683464	116.6543	53.337463	71.48411	143.02298	86.31104	46.483055	128.18039	173.55638	144.71268	134.55394	144.17548	128.57225	119.52237	128.40054	249.58948	49.109364	144.06422	113.66567	145.9107	121.528305	99.93451	130.73871	141.4512	112.97813	81.02766	53.92806	85.91618
G001536065	25.77238	25.536217	150.44052	196.23784	247.62044	217.50865	300.25043	241.0565	213.49858	216.58249	229.89095	24.748095	133.1819	150.07828	25.305378	157.27664	214.1675	24.497362	15.901342	147.56555	25.848944	162.2968	141.86299	149.92961	119.214035	211.33769	323.48117	231.10387	0.0	26.632198	268.3366	149.85443	290.93646	333.85132	273.36768	287.01926	249.99565	319.567	212.94606	229.26816	13.074766	22.78785	25.915655	25.720274	201.9296	289.22864	309.90875	294.70758	294.5395	261.4501	162.5557	126.63948	233.9139	290.81937	288.74332	163.95535	190.37732	26.03589	302.40027	194.39429	150.0961	13.141793	25.52933	149.34721	25.915796	150.14462	268.8193	224.83344	259.7698	284.13757	25.720274	165.5936	25.200174	161.85397	126.29847	269.63068	160.03934	165.11523	177.28357	219.80957	229.52162
G001536125	1.1036263	0.23131049	101.78055	115.22626	164.02634	128.82431	196.23311	146.95308	131.87358	146.29968	134.29904	0.2603258	76.129196	101.32009	0.18922721	91.418884	136.91911	0.42438295	7.00048	88.17438	0.22002481	98.03811	90.14041	101.23771	77.318695	139.9859	237.5425	142.84956	26.632198	0.0	184.3232	101.344955	201.17471	248.37454	190.22412	196.63058	158.88835	215.10826	145.57329	141.70384	7.4394484	11.13339	0.29397777	0.15304722	131.29599	199.07658	206.4608	206.5174	200.09901	174.79176	97.561584	89.81362	145.13777	196.0271	198.85251	93.40927	114.06432	0.19356108	201.37584	111.50596	101.3603	7.418456	0.27567035	102.94221	0.29397047	101.72735	184.90004	153.39406	215.78549	189.85205	0.15304722	99.699135	0.40073594	115.27122	73.35162	189.30695	104.984276	99.286514	102.41129	134.58513	133.47644
G001804625	188.28824	185.09503	156.93387	156.51938	63.718266	103.707565	70.77047	100.30675	120.60517	283.01056	136.99432	186.75702	175.6917	157.23032	185.6638	155.64832	198.12135	187.88684	226.21872	155.80293	184.08894	192.41673	184.36002	156.76445	162.07193	231.40662	34.417694	118.85665	268.3366	184.3232	0.0	156.94995	34.197315	396.8289	24.69797	33.0862	113.994545	83.00172	123.136826	120.14368	227.27943	190.86215	184.63103	184.94574	94.503044	34.258316	120.784	66.362564	109.758484	8.244349	195.0537	235.82527	118.530464	53.517876	33.68042	63.001537	148.85875	184.325	86.178955	96.63042	157.2729	226.9271	184.34798	150.46474	184.62567	155.59286	0.08310887	279.1966	436.72205	100.45244	184.94574	198.85202	186.42928	252.37265	187.5503	37.53074	249.80081	197.9215	170.28456	87.54136	143.78004
G001803105	104.08846	102.66127	0.02659433	94.37893	152.62856	113.00473	218.21028	158.97668	68.99253	104.13192	109.580986	103.27128	38.00427	0.009677915	102.56293	36.39579	90.80727	103.24234	125.31811	23.552305	102.09082	47.107037	32.957874	0.088278085	18.9471	67.27474	219.90811	128.61212	149.85443	101.344955	156.94995	0.0	181.91708	209.65834	176.90451	177.41878	134.71735	225.49277	72.950966	129.70248	125.36889	130.99472	101.13661	102.080315	104.54742	181.27086	188.09734	169.84654	182.62186	154.45856	48.314926	47.068592	131.84251	138.0409	180.03621	70.06831	121.420525	101.6796	180.53645	72.35266	0.009894585	125.18284	102.321884	1.4571115	101.130745	0.06290114	157.71701	107.21	187.5148	172.27834	102.080315	51.350693	103.06298	72.26633	31.597263	165.13702	69.113686	50.628723	123.69313	89.16546	170.63992
G001626695	205.69037	202.50826	181.94032	158.23015	69.72373	103.18458	45.274532	76.05567	137.77914	295.14664	130.05502	203.84369	187.55586	182.19717	202.77946	174.46008	215.85944	205.34535	240.98624	173.47871	201.27304	206.2584	209.8652	181.74602	184.302	246.54543	76.46725	119.06483	290.93646	201.17471	34.197315	181.91708	0.0	406.14963	38.684517	0.61126685	105.151535	48.44164	151.34837	121.02868	243.71259	205.6762	202.1204	202.11609	105.52494	0.6648933	94.02527	59.941395	100.865456	23.46834	209.91394	253.73793	118.62983	71.757095	0.49813184	73.49207	135.34503	201.39563	65.434166	105.194954	182.24763	243.31332	201.62106	175.67076	202.11417	180.45314	34.191647	290.64212	462.10248	92.29726	202.11609	213.27426	203.9055	273.01062	205.85915	69.94029	261.66614	212.40356	155.54797	96.333824	121.43656
G000405805	255.72008	251.6862	210.30412	105.12083	334.76755	196.58095	383.21515	306.89963	160.08258	43.216972	145.09427	251.90208	110.08268	207.68855	252.33789	114.05257	115.62224	251.24129	250.19476	138.0034	251.19261	116.28993	138.48846	209.36581	176.97974	73.085884	433.35977	195.58179	333.85132	248.37454	396.8289	209.65834	406.14963	0.0	403.95956	397.9473	220.38683	405.18616	247.39806	195.13976	261.64682	299.02426	250.75986	250.48685	287.19748	401.5664	344.7533	381.27582	304.887	391.3315	104.10794	123.007965	198.6967	355.4974	402.735	270.4675	233.26225	249.47696	359.75235	172.99518	207.7354	261.43713	252.52339	233.11406	250.75505	212.20122	398.29962	42.761463	68.80796	299.08957	250.48685	102.22254	252.51762	82.45238	110.19556	415.98825	85.60141	102.34296	217.25494	213.32585	268.6309
G001919105	194.61469	191.32878	176.86702	174.90526	83.658005	121.298325	73.03168	113.59467	137.62006	293.09412	157.089	192.81595	188.94276	177.21344	191.88869	173.361	206.09326	193.78584	230.65726	171.27641	190.28276	204.82753	193.53445	176.80379	176.36646	243.23062	50.042885	135.93103	273.36768	190.22412	24.69797	176.90451	38.684517	403.95956	0.0	38.981934	121.19711	84.24455	136.1066	137.15794	231.73422	198.27782	191.03592	191.1105	96.14699	38.710644	125.39608	77.59339	131.64143	25.459753	207.19089	248.18706	135.16035	79.93437	38.752632	72.432816	152.8952	190.5253	94.322334	115.94491	177.24341	231.39673	190.66751	170.55258	191.03186	175.65147	24.42639	289.6471	438.46652	121.8105	191.1105	210.64445	192.70241	265.52472	200.44324	44.089237	259.5945	209.94559	173.15002	110.21523	151.97514
G001626685	201.20145	197.989	177.46635	151.5119	65.37094	97.25939	41.804256	71.33384	132.93443	287.976	123.62331	199.2854	181.70712	177.67995	198.22346	168.9025	209.8224	200.74055	236.09325	168.36194	196.73042	200.82166	204.98955	177.24896	179.91957	240.50943	75.6554	113.01038	287.01926	196.63058	33.0862	177.41878	0.61126685	397.9473	38.981934	0.0	99.79177	45.635574	148.10068	114.96055	238.9782	201.38733	197.56775	197.55875	101.770676	0.47418162	89.3817	57.30579	96.1855	21.911715	204.29617	247.99428	112.65996	68.004654	0.32477397	69.624626	130.24919	196.8349	61.50078	100.24322	177.7323	238.58546	197.08815	171.39616	197.56142	175.99268	33.13459	283.4439	455.28857	87.5377	197.55875	207.60635	199.31805	266.7799	199.9761	68.063095	255.46387	206.71713	149.93301	91.92342	116.11219
G001771055	164.32422	161.10411	134.90292	42.976933	43.998047	31.006313	76.46175	58.839283	51.71985	150.9466	52.61784	161.75528	93.146904	134.30922	161.5685	81.24977	84.97185	162.08585	183.90877	91.062065	159.68704	102.6278	120.83141	134.40656	113.31993	128.07536	163.9828	39.029408	249.99565	158.88835	113.994545	134.71735	105.151535	220.38683	121.19711	99.79177	0.0	103.00946	109.49297	40.255077	190.21184	178.00438	160.05437	160.29797	57.605526	101.715	64.09843	49.386677	29.320877	96.32284	101.03365	150.36694	39.349247	75.438576	102.9556	48.07925	46.242355	159.19566	55.793808	36.156414	134.35916	189.84193	160.82462	139.10358	160.04768	134.27013	114.53425	148.04544	264.6841	26.239292	160.29797	102.25516	162.20284	140.56429	106.97081	131.18147	137.67091	101.847984	64.29107	37.788574	61.97274
G001302725	220.28194	216.63815	225.57286	162.07074	88.15733	107.7347	21.487299	42.273266	168.36134	301.02316	124.24248	217.83539	207.64142	225.622	216.87097	204.7828	237.69453	219.36917	252.6786	204.24155	215.29143	226.35857	252.54788	225.41693	227.0944	267.85724	138.11827	128.51784	319.567	215.10826	83.00172	225.49277	48.44164	405.18616	84.24455	45.635574	103.00946	0.0	202.87791	130.55864	257.7629	218.65372	216.47395	216.06058	139.06113	45.842793	44.542103	75.495094	102.13843	56.62984	230.10344	284.29688	128.2607	101.06922	47.645496	92.33679	103.95709	214.96136	33.285553	127.94459	225.6978	257.33377	216.03888	220.81624	216.4665	224.26006	83.32984	296.28012	489.2941	93.34652	216.06058	232.40128	218.02045	301.6157	232.69559	110.67884	278.0857	231.6972	117.99522	123.78651	77.04782
G000279145	148.94199	147.22513	73.020615	108.99905	129.90268	120.40944	192.03044	155.8917	39.136906	162.44829	121.939514	147.83426	83.32469	72.638535	147.59683	49.82759	88.467316	146.8465	177.2786	55.84917	146.43619	72.148415	54.915283	72.4441	53.560337	88.18825	176.65092	130.34697	212.94606	145.57329	123.136826	72.950966	151.34837	247.39806	136.1066	148.10068	109.49297	202.87791	0.0	131.58281	179.12004	168.56874	146.27242	146.68669	69.01652	151.19716	183.91428	136.28546	146.10223	125.214424	73.92078	113.05729	132.65344	131.15175	149.00807	62.68029	123.19904	146.06569	164.47032	54.561268	72.63985	178.88881	146.97273	75.08892	146.26698	72.8233	123.48601	160.02669	225.99774	139.12106	146.68669	76.37133	147.97989	115.73919	79.99638	153.49007	119.86342	76.106026	140.79243	58.685776	155.3105
G001626845	147.66907	143.6106	130.0395	32.921486	45.174126	4.599377	89.92248	72.45376	71.71062	130.99704	53.943832	144.52055	94.231064	129.21388	144.1877	82.81808	106.48224	145.63252	166.73247	98.68934	142.3597	117.28144	125.22589	129.18275	117.194725	125.10701	168.27998	0.6202828	229.26816	141.70384	120.14368	129.70248	121.02868	195.13976	137.15794	114.96055	40.255077	130.55864	131.58281	0.0	172.2661	163.06874	143.02513	142.89119	74.55529	116.96876	98.41032	81.312706	56.333817	108.42271	112.25433	146.65851	0.58134234	84.37359	118.54282	54.310715	72.187416	141.8507	87.86127	47.55452	129.27156	171.94461	143.52051	135.62183	143.01906	129.68785	120.82846	127.948235	249.44536	50.440296	142.89119	114.204575	144.73865	121.6683	100.17895	132.33229	141.6609	113.49927	81.38734	55.36547	86.85326
G001442845	7.6065936	7.0239854	125.92524	137.36676	200.60797	160.76547	237.92795	181.88864	162.55177	161.6628	166.26657	6.5718827	92.9994	125.32313	6.879451	114.97526	158.00484	6.5278487	0.9434807	109.056885	7.170601	116.7748	108.61409	125.34847	93.79822	162.17805	280.0724	173.88145	13.074766	7.4394484	227.27943	125.36889	243.71259	261.64682	231.73422	238.9782	190.21184	257.7629	179.12004	172.2661	0.0	10.103293	7.144495	6.9588704	163.04123	241.12865	245.7625	243.97438	232.4507	218.05069	116.061714	98.34255	176.45479	240.25691	241.30609	126.09128	138.28009	7.119729	241.81102	141.93619	125.35958	0.014009218	6.9930286	127.7731	7.144067	125.901184	227.80746	169.70877	216.29948	222.84352	6.9588704	118.17164	6.8631687	125.51076	90.39161	232.73851	115.174545	117.82669	124.70742	167.98665	164.25015
G001442855	11.48712	10.553261	131.46834	142.37975	169.21103	149.17043	201.15561	157.83205	157.609	192.28667	160.59412	10.478462	107.330124	131.09288	10.569701	122.90262	170.53958	10.602125	10.537744	119.427826	10.778198	133.10463	122.60396	130.94139	102.58275	182.03357	247.38573	164.34483	22.78785	11.13339	190.86215	130.99472	205.6762	299.02426	198.27782	201.38733	178.00438	218.65372	168.56874	163.06874	10.103293	0.0	11.030554	10.652706	148.23242	203.41313	219.01411	214.90533	209.12202	179.89484	133.46748	123.35997	166.73412	210.82433	203.34924	107.061455	131.11378	10.825836	210.12111	131.79126	131.13078	10.05997	10.547529	130.7364	11.029158	131.17195	191.30121	198.72804	264.5427	199.05846	10.652706	136.11702	10.542095	152.91556	107.31313	198.23697	143.45511	135.72832	122.82198	152.18726	148.292
G001442935	1.0457894	0.2051515	101.58137	116.740425	165.0056	129.96054	197.49605	148.08565	133.06454	147.5902	135.88214	0.2506526	76.66686	101.1215	0.19075371	92.16272	138.08649	0.42451125	6.9410124	88.55627	0.20923594	98.874054	90.520294	101.05247	77.21587	141.27556	237.46428	144.18153	25.915655	0.29397777	184.63103	101.13661	202.1204	250.75986	191.03592	197.56775	160.05437	216.47395	146.27242	143.02513	7.144495	11.030554	0.0	0.16233091	131.66905	200.06604	207.70277	207.24525	201.53998	175.26454	98.48195	90.07901	146.48555	196.1201	199.77882	93.86273	115.37605	0.23667374	202.41693	112.53939	101.16196	7.123782	0.2865588	102.68637	1.2154134e-05	101.51823	185.18077	154.7874	217.1583	191.21237	0.16233091	100.66277	0.35001504	116.190796	73.89705	188.8788	105.7608	100.24559	103.761024	135.67542	134.98198
G001442925	0.951817	0.110280655	102.51769	116.63687	165.02272	129.94379	197.17819	147.7074	133.31337	147.84822	135.58162	0.10581866	76.93658	102.060295	0.04679112	92.514565	138.32957	0.3235517	6.6079135	89.012825	0.09767229	99.07254	91.24856	101.99685	77.9575	141.50218	237.88036	144.06422	25.720274	0.15304722	184.94574	102.080315	202.11609	250.48685	191.1105	197.55875	160.29797	216.06058	146.68669	142.89119	6.9588704	10.652706	0.16233091	0.0	132.36963	200.00998	207.76869	207.45123	201.17642	175.36758	98.68796	90.31564	146.37108	196.85275	199.7726	94.20689	115.39887	0.06837647	202.49411	112.55542	102.100975	6.9387364	0.12938961	103.63664	0.16223268	102.45791	185.51947	155.06647	217.4761	190.91177	0.0	100.83623	0.24530119	116.19486	74.30808	189.78256	105.888084	100.426384	103.809586	135.68231	134.51445
G001886815	135.33455	132.56244	104.56628	94.050186	57.849213	63.918423	104.46794	92.20605	59.36961	179.56085	111.96035	133.3072	107.66821	104.53957	133.4402	89.34853	108.292915	133.52603	160.7306	89.28276	131.34515	109.70983	91.507645	103.91366	83.31403	145.55547	146.35086	72.99307	201.9296	131.29599	94.503044	104.54742	105.52494	287.19748	96.14699	101.770676	57.605526	139.06113	69.01652	74.55529	163.04123	148.23242	131.66905	132.36963	0.0	103.49263	109.03579	57.75965	84.01749	90.19148	110.10754	156.59882	73.77883	79.530334	103.27967	27.544573	74.54179	131.6949	90.68776	56.78659	104.60773	162.6901	132.70598	104.103645	131.66498	103.90953	94.838356	177.15099	282.48727	77.611755	132.36963	112.841484	133.36325	161.97658	107.75597	102.858	156.72804	112.64546	91.61938	59.162975	99.05327
G001626755	203.64716	200.4444	181.30563	154.16113	67.22935	99.42531	42.16084	72.50075	135.74234	291.66235	126.498604	201.72977	185.24068	181.5296	200.6714	172.5468	213.04703	203.20035	238.29648	171.9095	199.14969	204.20314	208.57071	181.07521	183.37833	244.28677	76.884705	115.00886	289.22864	199.07658	34.258316	181.27086	0.6648933	401.5664	38.710644	0.47418162	101.715	45.842793	151.19716	116.96876	241.12865	203.41313	200.06604	200.00998	103.49263	0.0	90.07445	57.766514	97.507225	23.184381	207.71077	251.99933	114.59165	70.22467	0.5435864	71.48883	131.63567	199.29298	62.123413	102.8598	181.58157	240.73405	199.53702	175.21468	200.05965	179.83733	34.315945	287.1028	459.17462	88.924095	200.00998	211.03125	201.85454	270.3529	203.69467	69.44169	259.04193	210.15802	151.52332	94.30777	117.51954
G001775365	211.26675	208.63829	187.99762	123.12142	79.44653	77.23118	41.362522	30.456709	140.10396	240.20831	99.96026	209.39677	167.98514	188.10358	208.78116	171.60864	195.72836	210.54404	240.14166	167.9011	207.00713	181.9556	217.28412	187.92874	192.85828	220.37468	183.79132	96.91855	309.90875	206.4608	120.784	188.09734	94.02527	344.7533	125.39608	89.3817	64.09843	44.542103	183.91428	98.41032	245.7625	219.01411	207.70277	207.76869	109.03579	90.07445	0.0	60.899384	74.39276	95.55787	185.32205	238.86766	97.30599	101.15234	92.52	72.22301	46.008896	206.53522	7.3269324	109.19978	188.17665	245.31586	208.26732	186.22668	207.69507	187.18942	121.6374	236.81595	425.6673	67.70414	207.76869	187.08058	209.94743	249.37085	191.71715	141.69954	228.39996	186.38042	58.981007	110.730515	55.187023
G002011685	210.49002	208.20602	169.77426	122.39963	36.886383	68.27611	48.838776	61.084766	102.32397	271.3425	119.42286	208.90517	174.0293	170.10522	208.4449	156.87932	168.44133	210.04744	241.50977	154.67776	206.63853	182.9894	188.81276	169.3986	165.73347	228.82959	120.34974	79.30714	294.70758	206.5174	66.362564	169.84654	59.941395	381.27582	77.59339	57.30579	49.386677	75.495094	136.28546	81.312706	243.97438	214.90533	207.24525	207.45123	57.75965	57.766514	60.899384	0.0	38.656277	53.290512	185.72905	242.48589	79.090904	51.03371	59.017136	50.484596	85.01027	206.47823	38.396366	79.77797	170.1639	243.62154	207.403	165.9748	207.24048	168.41182	66.53078	267.27817	421.95392	34.791283	207.45123	188.81824	209.24702	244.8454	189.84445	84.9767	242.47719	188.18459	113.30627	69.64451	92.010086
G001508355	204.8945	202.24467	182.79373	76.18482	44.07758	47.728542	72.77832	60.529293	81.42478	225.10841	79.82203	202.83774	147.65062	182.39375	202.25313	132.98677	131.23326	203.57472	226.79497	139.3728	200.74269	154.67674	180.38557	182.02585	163.48807	197.84793	163.51591	55.030476	294.5395	200.09901	109.758484	182.62186	100.865456	304.887	131.64143	96.1855	29.320877	102.13843	146.10223	56.333817	232.4507	209.12202	201.53998	201.17642	84.01749	97.507225	74.39276	38.656277	0.0	92.95465	155.24867	213.44443	55.046204	73.645645	99.273026	70.127495	74.041046	200.085	57.90899	55.643948	182.45932	232.14078	201.40318	184.7146	201.5336	181.77339	110.22435	221.18642	363.41208	0.77060336	201.17642	156.99243	203.19725	206.76375	169.40294	143.09503	202.94363	156.6011	100.02445	46.514973	70.350006
