	G900101435	G000422945	G000192845	G000757725	G900109895	G900103545	G900142915	G001636615	G900107535	G900112985	G000783305	G000426825	G002000245	G900101875	G000170795	G001705515	G000242635	G000988325	G900103515	G001412655	G001899705	G000302595	G000747525	G001423945	G900100945	G900100435	G001652725	G900102835	G000832545	G000416985	G000258495	G001421515	G001006065	G001596135	G000427965	G000814685	G001027745	G000023825	G900111825	G001808025	G001442625	G900109365	G000722885	G001898335	G000799115	G000304455	G002013915	G900103125	G900116225	G900100705	G000410815	G900129215	G000686625	G000403135	G900109575	G000190735	G900155965	G900110415	G000333295	G000708265	G000020565	G000166195	G001412215	G900103665	G001730525	G000689375	G000425145	G001721645
G900101435	0.0	50.12573	50.110386	67.87591	39.202877	65.89025	17.596403	34.377956	54.294147	48.606045	106.170235	127.14942	64.53844	22.409792	80.74472	57.24601	45.346478	65.206856	48.59498	46.19002	63.68827	40.973694	79.41172	15.23156	21.774118	28.83612	121.01714	93.14386	58.512726	90.228165	24.634794	11.948342	79.189064	22.848042	98.77707	104.034355	18.388086	24.453285	8.822522	64.435905	10.234485	124.38541	48.687218	33.163445	81.365005	108.65476	59.897556	21.762888	77.89628	11.040408	24.482346	55.431416	75.4105	53.918884	49.878872	67.88596	18.223417	27.583126	34.81142	33.065704	148.12662	21.520613	33.024048	50.720394	54.24682	110.90735	86.01875	52.655315
G000422945	50.12573	0.0	53.525036	81.2721	58.542755	16.525055	51.89514	117.68642	57.277935	23.349033	86.134964	199.08557	50.154274	85.89706	97.92653	155.04681	17.472706	51.55991	23.343554	30.030333	48.207737	33.13146	36.520306	28.747274	81.53973	23.166964	59.39187	54.784557	21.452208	73.930305	16.567673	24.707136	27.131565	77.83959	123.29831	86.94637	25.844168	51.040035	22.876337	46.931	24.356089	183.95496	23.437317	107.70404	55.087498	81.48278	161.29262	74.89527	69.94366	20.78898	50.951073	40.900738	80.212166	16.799534	32.885727	21.397463	64.75528	105.17369	117.87209	13.419984	98.19895	80.665436	38.706676	40.896145	18.926702	80.661736	55.63659	34.967636
G000192845	50.110386	53.525036	0.0	8.141015	15.35013	43.240253	44.863274	71.27693	41.93328	27.566616	18.893425	88.35764	9.294859	49.34167	51.901573	83.2334	30.276457	7.883318	28.630928	28.978258	8.104012	49.205025	27.21578	34.287216	47.513206	20.01958	136.66412	24.74485	56.798897	13.776577	36.918774	48.046955	37.597622	38.357033	26.634699	20.029196	24.456753	46.862595	32.62779	8.41475	36.247334	69.31628	27.54645	58.723274	97.94701	78.80594	80.54135	44.56597	9.8725395	35.879116	46.698097	39.855812	17.427078	29.33448	10.162652	39.08787	39.93963	66.42419	72.58753	55.06287	107.76359	42.782055	47.618603	31.409344	26.35388	84.30272	102.435905	36.563255
G000757725	67.87591	81.2721	8.141015	0.0	19.154104	64.24691	62.210884	77.77981	46.5093	41.469555	17.48833	68.7169	13.267576	56.767536	45.25851	77.56547	56.93202	12.25131	42.517483	41.348804	13.403372	74.84181	44.95735	51.38012	55.773823	36.72793	180.41077	33.65775	79.1436	15.605729	57.8452	72.82358	60.19852	42.635014	15.080014	18.69559	37.72453	58.87857	51.775433	14.462508	58.34322	46.923977	41.410732	63.024574	134.14157	106.50623	74.32431	54.259468	10.333166	57.439877	58.69336	51.86526	11.268703	52.278362	26.859482	65.7543	52.14017	74.41938	76.69786	83.16856	141.41336	50.053192	71.69261	41.302273	47.622807	114.026474	139.6421	49.739407
G900109895	39.202877	58.542755	15.35013	19.154104	0.0	44.25789	27.79711	46.081547	20.804321	26.188492	38.436066	68.09201	18.29669	27.221766	29.09627	53.29069	46.45309	21.554346	26.711426	25.283995	22.52423	69.39549	54.338787	38.98558	26.39901	22.215473	167.85303	42.646046	49.938156	31.978876	44.636765	48.468933	64.06906	18.24749	25.735682	39.214806	18.914572	21.552523	28.675678	23.804987	38.636208	48.342438	26.14251	34.614815	122.83344	103.487724	53.337257	22.1933	26.813135	36.31315	21.448303	29.664354	14.988184	40.043114	27.676151	63.7576	21.437922	41.375233	45.649273	59.796497	141.52403	24.181099	58.92359	22.832783	36.165825	109.65977	127.16405	27.744194
G900103545	65.89025	16.525055	43.240253	64.24691	44.25789	0.0	59.60837	123.80448	31.574055	11.031258	59.202606	169.67116	31.630508	89.27748	59.309135	149.67079	19.780241	34.878136	11.243611	14.04099	32.894997	59.74156	33.537556	46.91191	82.59239	18.328215	105.57679	29.338572	12.828869	48.372032	30.479113	45.666573	29.669493	75.96009	88.5138	59.728817	22.423265	41.20333	33.22691	32.328556	39.126183	148.85982	11.050413	106.769	88.97677	95.65838	156.63936	73.460945	49.120163	35.223694	41.059147	17.992947	52.047916	11.681308	31.117804	30.106651	66.42604	115.042656	123.32904	30.563839	108.97117	85.291046	51.7905	19.82859	11.084467	96.71925	90.25145	15.300613
G900142915	17.596403	51.89514	44.863274	62.210884	27.79711	59.60837	0.0	19.710073	44.71082	45.781185	96.8684	115.11265	57.76731	9.941306	74.88885	47.011654	44.16034	60.21229	46.009556	49.042313	59.22121	52.55215	75.68865	28.297562	8.921571	29.130165	130.59004	90.0458	54.82729	81.07316	36.391266	25.1006	75.30124	12.714273	88.760086	97.18845	24.270617	22.66493	18.03844	59.96937	23.272305	111.96211	45.831524	19.896461	90.55162	100.80233	49.2541	8.76766	74.55175	21.975634	22.670082	57.07416	65.875046	48.599205	43.134026	68.72355	6.364569	15.407457	23.938818	42.565914	134.44446	10.809539	46.94071	51.158817	48.349754	105.829956	93.63457	53.296867
G001636615	34.377956	117.68642	71.27693	77.77981	46.081547	123.80448	19.710073	0.0	73.59251	92.35149	130.49954	94.69679	95.06377	5.705676	94.43442	16.419693	99.44451	97.66064	92.531624	95.48319	98.11988	97.56334	132.92326	61.522022	8.705947	70.125336	211.58966	142.05862	112.68709	113.74861	83.485016	63.32862	139.76285	11.195379	95.215355	128.73996	58.174618	46.798786	51.508938	100.17822	58.360832	94.69583	92.35642	4.811181	146.67694	151.01219	14.455457	11.182932	104.5277	58.63267	46.854298	102.00124	87.2627	105.60172	84.583664	130.10959	13.305507	4.304972	7.1713276	98.66194	195.37798	8.847279	87.65534	91.894806	103.46972	158.39438	152.30841	98.97691
G900107535	54.294147	57.277935	41.93328	46.5093	20.804321	31.574055	44.71082	73.59251	0.0	16.972164	64.993546	94.02666	34.998825	49.533634	13.157127	75.3628	57.36432	42.335743	16.800186	17.46873	42.72532	97.210884	77.55082	57.821766	45.134552	29.87368	195.53868	54.635067	27.65561	50.918747	57.43963	64.35487	81.08735	35.922176	52.47753	58.13488	20.439638	14.380785	38.476795	44.29812	53.114006	73.76266	16.913944	56.128723	150.08047	144.13904	83.36646	39.576057	47.63784	49.059967	14.312802	11.55087	25.757496	43.912506	52.990814	77.30013	40.799835	70.8903	68.143486	69.02958	172.4388	48.716328	83.09419	9.970143	39.46966	148.89708	154.09671	11.448741
G900112985	48.606045	23.349033	27.566616	41.469555	26.188492	11.031258	45.781185	92.35149	16.972164	0.0	45.80433	130.26736	22.391506	63.683567	39.401962	111.42158	22.090782	26.190079	0.07877019	8.248842	25.001316	54.63726	35.274685	36.66421	60.378822	11.540267	122.9258	31.951168	9.12401	32.91705	30.2095	41.19745	35.46596	50.063362	63.89965	42.750553	12.332131	25.66695	24.902792	25.049492	31.760548	110.903694	0.0025841948	75.681564	92.07794	92.19756	115.35161	52.804924	32.380257	28.377113	25.541676	12.475228	31.614683	12.907142	23.592157	30.300028	47.584854	87.25807	93.367615	35.196247	107.82842	60.657207	50.076252	11.217853	10.891083	94.42411	94.48156	8.516496
G000783305	106.170235	86.134964	18.893425	17.48833	38.436066	59.202606	96.8684	130.49954	64.993546	45.80433	0.0	109.420715	12.670267	102.68566	63.30929	138.72696	56.425476	11.423495	47.167576	46.138126	12.143734	84.90187	28.305502	78.42902	99.73214	42.156033	170.0366	17.99281	79.61587	5.090032	72.28486	95.75001	44.74564	84.56784	26.116102	11.237752	56.115406	84.03392	75.11576	12.37453	79.17425	81.10394	45.728687	112.11169	133.61842	91.18343	134.81639	92.056274	8.766586	78.08655	83.76781	58.613354	21.27737	46.208893	27.588507	56.07063	86.17253	125.088066	134.06502	91.46078	118.515785	92.690895	77.471375	51.08286	42.030598	98.68087	136.52612	55.93301
G000426825	127.14942	199.08557	88.35764	68.7169	68.09201	169.67116	115.11265	94.69679	94.02666	130.26736	109.420715	0.0	101.61996	85.659355	73.51221	71.57681	173.74655	104.4603	131.08675	123.57801	107.375084	191.72214	176.6749	136.16223	85.9733	127.64432	348.85333	142.56776	173.56369	105.99769	162.13232	166.37946	199.72897	74.27609	48.739887	97.76401	112.7514	103.30788	134.16652	110.72228	150.37665	40.64057	130.16074	82.53199	268.5852	233.44817	60.07476	91.91607	91.92898	149.56331	103.26368	121.41441	65.98569	167.18483	130.64468	197.29916	98.71045	95.77148	88.70365	197.94592	283.65756	86.18098	174.51668	109.43481	159.02275	246.1145	279.00388	124.077065
G002000245	64.53844	50.154274	9.294859	13.267576	18.29669	31.630508	57.76731	95.06377	34.998825	22.391506	12.670267	101.61996	0.0	66.12997	42.587505	103.08368	34.552776	1.2378843	23.340384	22.5357	1.4552425	60.42039	22.477364	44.83689	62.797134	20.754814	140.73795	13.246768	47.631454	10.183765	40.234524	56.680763	31.485922	52.829792	27.954676	18.726227	26.313663	46.73566	38.335323	1.8324828	44.1107	73.77678	22.36156	80.33661	112.01871	85.914276	106.62921	56.447224	8.640068	42.5924	46.5461	31.081995	10.084593	27.986012	16.431702	40.245377	52.08639	86.62529	93.49367	56.993587	120.66666	58.80982	53.34863	24.881075	25.040066	91.62188	114.9119	28.728916
G900101875	22.409792	85.89706	49.34167	56.767536	27.221766	89.27748	9.941306	5.705676	49.533634	63.683567	102.68566	85.659355	66.12997	0.0	68.73023	17.713518	72.72107	69.00189	63.91162	65.49642	69.32879	78.756874	103.00323	41.70355	1.9611282	47.313663	184.89182	106.346535	83.33018	88.33003	58.55042	45.308384	108.68743	4.2270436	74.104225	101.07371	35.44558	29.636354	32.2657	71.17992	40.326252	78.28271	63.689922	5.282071	130.58861	135.05284	19.34921	4.037482	78.49715	39.5987	29.657764	71.76175	61.09594	77.74506	61.928574	102.43928	5.23473	3.738848	6.245665	73.97913	178.33461	2.9935622	69.9079	62.73132	75.50868	141.6152	135.84853	68.88329
G000170795	80.74472	97.92653	51.901573	45.25851	29.09627	59.309135	74.88885	94.43442	13.157127	39.401962	63.30929	73.51221	42.587505	68.73023	0.0	80.75223	88.50049	49.555214	39.526924	30.688704	51.43551	133.42754	102.10377	83.77716	63.979523	51.7371	255.7385	61.186966	61.580246	54.915073	87.50235	99.62775	113.7963	51.857925	38.121758	56.650745	39.639942	33.050537	67.34957	53.877064	85.13945	46.599407	39.286846	72.81608	200.76495	186.37271	86.88246	60.130486	49.58418	81.393974	32.942883	21.537458	21.973341	73.79356	76.66651	114.318016	64.1188	91.48354	84.10431	108.40028	220.93134	67.405685	113.99228	18.378134	66.96337	192.84222	207.06305	24.54497
G001705515	57.24601	155.04681	83.2334	77.56547	53.29069	149.67079	47.011654	16.419693	75.3628	111.42158	138.72696	71.57681	103.08368	17.713518	80.75223	0.0	138.36757	107.48101	111.472824	112.39185	109.783745	147.63496	168.8424	88.789734	18.506231	99.039276	290.46277	156.10341	143.00443	125.296974	116.56188	101.45451	181.09567	19.571331	84.66995	135.29337	75.950195	62.339497	78.61649	113.00392	91.86469	59.823837	111.37321	14.8973055	219.53996	215.45787	8.757481	23.516497	112.38215	91.78068	62.39496	112.445526	78.56525	142.78848	116.70628	176.51527	30.901167	16.984888	8.979184	144.4187	270.27875	19.137003	134.04565	99.83464	137.64946	225.04387	226.88443	111.39477
G000242635	45.346478	17.472706	30.276457	56.93202	46.45309	19.780241	44.16034	99.44451	57.36432	22.090782	56.425476	173.74655	34.552776	72.72107	88.50049	138.36757	0.0	32.24329	22.74397	26.301977	29.752026	23.404799	17.52579	24.954235	68.455826	11.332527	65.16591	36.450417	28.484749	45.030735	14.198527	22.682732	15.103942	65.57671	94.34923	59.327923	20.573044	49.78891	21.317694	28.566597	19.076658	160.41812	22.155138	89.11829	48.01544	59.69061	138.19688	62.608295	43.87435	18.290564	49.655888	40.259575	64.710045	7.329026	13.279725	13.813212	52.158527	91.24747	105.96134	15.343198	72.30523	68.20147	22.331425	38.857906	8.568824	61.000343	49.08141	35.614513
G000988325	65.206856	51.55991	7.883318	12.25131	21.554346	34.878136	60.21229	97.66064	42.335743	26.190079	11.423495	104.4603	1.2378843	69.00189	49.555214	107.48101	32.24329	0.0	27.274157	25.292624	0.23596548	55.40291	18.775043	42.490276	65.808685	21.303835	133.97864	12.229632	53.226967	9.962098	38.190895	55.256557	28.311459	56.02762	29.526781	18.112299	28.190859	52.31216	39.103592	0.42336592	43.32578	78.67837	26.162663	83.45853	106.2638	82.146	109.5307	60.320152	7.598044	42.306347	52.115166	36.069103	13.732648	28.166538	14.3203335	38.05176	55.137173	88.93957	96.8948	55.71439	115.97892	61.229256	49.111668	29.404242	25.550869	87.7046	109.36524	33.856293
G900103515	48.59498	23.343554	28.630928	42.517483	26.711426	11.243611	46.009556	92.531624	16.800186	0.07877019	47.167576	131.08675	23.340384	63.91162	39.526924	111.472824	22.74397	27.274157	0.0	8.500087	26.088018	55.382942	36.376076	37.04621	60.650814	11.961451	123.60163	33.133083	8.716839	34.098885	30.611471	41.385464	36.346302	50.255116	65.10356	43.97117	12.458808	25.42207	25.080269	26.143587	32.026806	111.6092	0.08031355	75.85745	92.70904	93.11158	115.727905	52.9896	33.534878	28.582848	25.300182	12.531346	32.357178	13.422647	24.55664	31.056324	47.798325	87.479904	93.47947	35.393543	108.82989	60.922638	50.725822	11.369265	11.428901	95.23112	95.084076	8.531617
G001412655	46.19002	30.030333	28.978258	41.348804	25.283995	14.04099	49.042313	95.48319	17.46873	8.248842	46.138126	123.57801	22.5357	65.49642	30.688704	112.39185	26.301977	25.292624	8.500087	0.0	24.346535	55.49703	38.82768	37.48819	61.260242	9.87804	128.35966	27.117704	17.37879	35.545967	28.719538	40.216362	41.124077	51.226772	57.863945	44.61351	11.32745	21.686996	23.989645	24.670553	31.54792	104.05414	8.233555	77.969505	96.10714	98.41728	115.47609	53.7872	33.314304	28.492329	21.565102	5.4674773	31.897789	16.8335	27.951424	37.81592	49.234978	88.685616	94.15041	34.995358	122.123985	62.422764	45.410103	4.966573	14.675835	100.5127	99.82839	4.591451
G001899705	63.68827	48.207737	8.104012	13.403372	22.52423	32.894997	59.22121	98.11988	42.72532	25.001316	12.143734	107.375084	1.4552425	69.32879	51.43551	109.783745	29.752026	0.23596548	26.088018	24.346535	0.0	51.57564	16.517248	40.369816	66.05271	19.777298	127.23407	11.957438	50.821808	10.251778	35.456203	52.455013	25.261204	56.612854	32.07597	18.844374	27.115519	51.84076	37.139942	0.15803099	40.896996	83.34369	24.986197	84.2369	100.62902	78.18287	111.690605	60.52628	8.053398	39.849323	51.645145	35.603878	15.316063	25.931314	12.859895	34.7014	54.905228	89.334946	97.81637	52.08939	111.446106	61.6121	45.947823	29.26543	23.633387	83.53169	103.59214	33.272377
G000302595	40.973694	33.13146	49.205025	74.84181	69.39549	59.74156	52.55215	97.56334	97.210884	54.63726	84.90187	191.72214	60.42039	78.756874	133.42754	147.63496	23.404799	55.40291	55.382942	55.49703	51.57564	0.0	32.970867	19.87465	78.26484	27.909267	38.19957	69.09599	61.417236	73.2244	15.887573	17.469948	30.037241	75.51808	122.69971	88.064354	39.03094	70.51394	25.167574	50.15465	17.200495	194.88394	54.77487	97.598724	21.588058	48.741695	142.77362	74.1069	67.36402	18.021757	70.40899	77.50282	97.65313	33.148872	27.422373	21.332561	61.48945	89.56901	109.14613	17.830452	73.2128	72.1264	12.228594	73.7498	36.767776	49.11412	23.760279	72.19165
G000747525	79.41172	36.520306	27.21578	44.95735	54.338787	33.537556	75.68865	132.92326	77.55082	35.274685	28.305502	176.6749	22.477364	103.00323	102.10377	168.8424	17.52579	18.775043	36.376076	38.82768	16.517248	32.970867	0.0	45.91404	99.80741	23.51365	69.2643	21.81601	50.76946	25.59408	30.346878	48.397144	3.2868414	91.63416	80.139	39.71502	41.768562	78.806206	44.168777	14.999905	40.591553	158.4315	35.323162	121.42935	56.75769	43.470818	167.64737	90.47125	28.999958	39.526863	78.59116	59.257156	55.9485	15.689935	9.982841	13.551387	78.36831	124.0681	141.93584	34.801807	63.40102	93.9982	33.472332	55.63378	16.561129	46.731983	56.74401	54.103607
G001423945	15.23156	28.747274	34.287216	51.38012	38.98558	46.91191	28.297562	61.522022	57.821766	36.66421	78.42902	136.16223	44.83689	41.70355	83.77716	88.789734	24.954235	42.490276	37.04621	37.48819	40.369816	19.87465	45.91404	0.0	40.37545	20.422232	81.746704	62.20328	51.150898	69.284	6.5787067	8.417931	46.12856	38.114594	89.0659	78.76451	14.233501	38.458355	8.134649	40.152348	7.712959	130.85255	36.76229	58.452076	60.184254	88.77124	88.73247	41.847336	55.088905	7.63582	38.40889	50.596294	64.70039	35.312588	29.256306	39.129154	34.7096	50.853325	61.48111	18.827179	121.642784	37.36958	22.701735	45.48789	36.426517	90.18268	64.35619	47.234367
G900100945	21.774118	81.53973	47.513206	55.773823	26.39901	82.59239	8.921571	8.705947	45.134552	60.378822	99.73214	85.9733	62.797134	1.9611282	63.979523	18.506231	68.455826	65.808685	60.650814	61.260242	66.05271	78.26484	99.80741	40.37545	0.0	44.585598	183.51155	101.409676	78.492516	85.84705	54.97997	43.859165	105.07177	4.8286448	73.561295	98.94809	31.764158	27.527704	29.875275	67.88117	38.860546	78.00267	60.389736	7.29107	130.91959	137.04237	23.324703	3.11712	76.174065	37.849663	27.547096	66.04751	58.368973	73.845474	60.85538	100.52335	4.5659866	5.2258625	5.9665546	70.743286	180.4141	2.9239078	68.908714	57.735344	71.561356	144.03789	135.74498	63.82921
G900100435	28.83612	23.166964	20.01958	36.72793	22.215473	18.328215	29.130165	70.125336	29.87368	11.540267	42.156033	127.64432	20.754814	47.313663	51.7371	99.039276	11.332527	21.303835	11.961451	9.87804	19.777298	27.909267	23.51365	20.422232	44.585598	0.0	91.102165	30.839108	20.467402	31.156927	14.598502	19.425425	25.012228	38.158558	62.188503	44.636375	7.292618	20.959059	11.225579	19.615288	13.211204	115.41933	11.572095	59.36008	59.13959	61.64303	99.16553	37.732384	30.655304	11.866722	20.846544	19.922926	38.446503	8.27329	11.83169	21.085842	30.875168	64.503136	75.82066	18.158667	84.488525	43.39435	19.70498	17.887575	7.8199973	64.518974	61.556747	17.029333
G001652725	121.01714	59.39187	136.66412	180.41077	167.85303	105.57679	130.59004	211.58966	195.53868	122.9258	170.0366	348.85333	140.73795	184.89182	255.7385	290.46277	65.16591	133.97864	123.60163	128.35966	127.23407	38.19957	69.2643	81.746704	183.51155	91.102165	0.0	134.37953	113.27202	159.21207	60.583736	64.58745	53.681408	183.5466	249.67159	180.85104	115.016365	160.4567	88.11529	123.544304	71.902176	356.29068	123.16975	214.77606	21.53601	64.55161	286.75183	173.98637	160.38324	71.61682	160.34633	160.27113	206.47105	75.657196	83.455635	48.797787	153.31667	197.59941	229.88264	44.26448	75.459915	175.62677	55.10041	160.78477	84.29454	61.647415	18.880072	151.35756
G900102835	93.14386	54.784557	24.74485	33.65775	42.646046	29.338572	90.0458	142.05862	54.635067	31.951168	17.99281	142.56776	13.246768	106.346535	61.186966	156.10341	36.450417	12.229632	33.133083	27.117704	11.957438	69.09599	21.81601	62.20328	101.409676	30.839108	134.37953	0.0	55.74207	18.994127	49.068398	73.01921	31.44449	90.10542	46.293163	24.213938	41.4516	72.17816	56.876087	11.756031	60.730385	109.700836	31.90512	123.588	114.19728	94.60516	157.09225	93.749176	17.555357	58.988316	71.93731	37.290455	32.016705	28.94164	26.394934	40.759617	86.88997	132.82014	140.53806	62.701427	118.807976	98.59348	61.0818	34.030178	26.315649	98.151436	117.41338	35.877693
G000832545	58.512726	21.452208	56.798897	79.1436	49.938156	12.828869	54.82729	112.68709	27.65561	9.12401	79.61587	173.56369	47.631454	83.33018	61.580246	143.00443	28.484749	53.226967	8.716839	17.37879	50.821808	61.417236	50.76946	51.150898	78.492516	20.467402	113.27202	55.74207	0.0	61.39481	37.68685	45.389065	44.33287	71.17227	105.79862	75.47761	22.873486	30.959127	32.11074	50.54048	38.86555	160.80084	9.163321	97.38207	86.456726	96.859184	150.51482	67.93174	63.214027	34.523975	30.882769	19.466684	63.050846	18.000387	41.779694	35.6502	61.044506	107.397934	116.25703	32.97849	109.32186	81.38995	56.165024	22.567003	17.58434	97.504135	87.00004	15.186017
G000416985	90.228165	73.930305	13.776577	15.605729	31.978876	48.372032	81.07316	113.74861	50.918747	32.91705	5.090032	105.99769	10.183765	88.33003	54.915073	125.296974	45.030735	9.962098	34.098885	35.545967	10.251778	73.2244	25.59408	69.284	85.84705	31.156927	159.21207	18.994127	61.39481	0.0	64.11924	82.26166	38.52929	71.7081	27.470926	8.389406	45.290577	67.01939	62.0224	10.477365	65.516754	84.03387	32.85498	96.21835	117.25296	79.87493	122.28035	77.15014	6.4578595	64.81015	66.780464	45.830868	18.050947	34.652576	20.091934	43.920685	71.64911	111.59487	119.57267	79.69533	101.9641	80.28425	66.94589	39.388187	30.766134	86.870766	120.22171	42.917965
G000258495	24.634794	16.567673	36.918774	57.8452	44.636765	30.479113	36.391266	83.485016	57.43963	30.2095	72.28486	162.13232	40.234524	58.55042	87.50235	116.56188	14.198527	38.190895	30.611471	28.719538	35.456203	15.887573	30.346878	6.5787067	54.97997	14.598502	60.583736	49.068398	37.68685	64.11924	0.0	7.6884646	27.742893	52.751877	97.91119	76.109406	13.1622505	42.434692	7.915158	34.66118	7.026431	152.06487	30.30752	77.43502	47.001923	73.849	119.01634	52.33176	54.318024	5.766743	42.35771	44.23829	67.85181	21.489115	23.581713	25.91116	43.217274	71.62083	84.3113	6.337123	103.52859	52.971066	16.49397	41.640934	23.419897	74.79209	49.221157	40.632313
G001421515	11.948342	24.707136	48.046955	72.82358	48.468933	45.666573	25.1006	63.32862	64.35487	41.19745	95.75001	166.37946	56.680763	45.308384	99.62775	101.45451	22.682732	55.256557	41.385464	40.216362	52.455013	17.469948	48.397144	8.417931	43.859165	19.425425	64.58745	73.01921	45.389065	82.26166	7.6884646	0.0	43.711647	44.490887	113.060455	98.47667	17.976942	35.742203	5.0608993	51.991673	2.207294	161.50966	41.316982	62.643143	45.778088	75.23676	103.149086	41.148724	72.69508	2.5553823	35.722065	54.490757	83.69215	31.634548	32.995457	37.24644	32.935204	53.8751	68.04068	9.051085	108.22062	42.093235	14.697716	51.954327	34.324566	76.05316	47.99137	50.644375
G001006065	79.189064	27.131565	37.597622	60.19852	64.06906	29.669493	75.30124	139.76285	81.08735	35.46596	44.74564	199.72897	31.485922	108.68743	113.7963	181.09567	15.103942	28.311459	36.346302	41.124077	25.261204	30.037241	3.2868414	46.12856	105.07177	25.012228	53.681408	31.44449	44.33287	38.52929	27.742893	43.711647	0.0	98.41562	102.00315	54.99102	43.59983	79.72854	42.352573	23.412758	37.932606	184.32216	35.543884	129.03587	47.635056	42.1966	182.786	94.944786	43.314655	36.454407	79.53563	61.41326	69.35101	13.916568	14.019514	10.149652	81.953865	130.29149	149.24959	27.23126	59.01862	100.35989	32.159664	59.171703	15.977126	44.19811	46.82015	55.645206
G001596135	22.848042	77.83959	38.357033	42.635014	18.24749	75.96009	12.714273	11.195379	35.922176	50.063362	84.56784	74.27609	52.829792	4.2270436	51.857925	19.571331	65.57671	56.02762	50.255116	51.226772	56.612854	75.51808	91.63416	38.114594	4.8286448	38.158558	183.5466	90.10542	71.17227	71.7081	52.751877	44.490887	98.41562	0.0	58.63259	83.329704	27.2053	23.39065	28.808836	58.379272	37.82219	64.88813	50.045406	6.7790446	128.37321	129.47495	20.347612	5.706334	63.506207	36.477	23.395151	56.894974	45.702038	66.69925	52.773003	92.6721	7.015709	10.485144	11.731894	68.931946	169.77667	4.502128	65.799446	48.262367	63.674957	135.996	133.72073	54.387108
G000427965	98.77707	123.29831	26.634699	15.080014	25.735682	88.5138	88.760086	95.215355	52.47753	63.89965	26.116102	48.739887	27.954676	74.104225	38.121758	84.66995	94.34923	29.526781	65.10356	57.863945	32.07597	122.69971	80.139	89.0659	73.561295	62.188503	249.67159	46.293163	105.79862	27.470926	97.91119	113.060455	102.00315	58.63259	0.0	25.95445	61.66428	70.36908	83.96027	34.113136	95.10816	26.218779	63.77238	77.52512	191.35144	147.09749	77.421005	71.226234	21.66461	94.28697	70.158775	61.4797	13.658852	83.80997	55.65557	106.566536	72.34382	93.08283	92.93163	127.00476	186.6279	68.82935	107.95179	51.483604	76.86315	156.2048	198.5706	61.852287
G000814685	104.034355	86.94637	20.029196	18.69559	39.214806	59.728817	97.18845	128.73996	58.13488	42.750553	11.237752	97.76401	18.726227	101.07371	56.650745	135.29337	59.327923	18.112299	43.97117	44.61351	18.844374	88.064354	39.71502	78.76451	98.94809	44.636375	180.85104	24.213938	75.47761	8.389406	76.109406	98.47667	54.99102	83.329704	25.95445	0.0	55.329357	79.52253	75.678215	19.202387	80.915016	81.094734	42.64948	108.096825	134.95947	99.61242	128.43326	92.30923	8.440886	79.87798	79.2604	52.614265	21.663118	48.63183	30.89894	55.960625	87.360794	126.235504	131.51344	96.465775	118.099556	93.61035	84.66023	45.54205	43.89422	107.175026	139.4298	50.079704
G001027745	18.388086	25.844168	24.456753	37.72453	18.914572	22.423265	24.270617	58.174618	20.439638	12.332131	56.115406	112.7514	26.313663	35.44558	39.639942	75.950195	20.573044	28.190859	12.458808	11.32745	27.115519	39.03094	41.768562	14.233501	31.764158	7.292618	115.016365	41.4516	22.873486	45.290577	13.1622505	17.976942	43.59983	27.2053	61.66428	55.329357	0.0	14.349051	6.4835377	27.607769	12.348207	97.16886	12.353442	47.208878	82.11854	95.13536	80.20907	28.448511	37.06915	10.483933	14.279755	16.9054	36.051003	20.152212	24.46719	38.915485	24.239769	50.708992	56.045574	22.288261	125.297615	32.55453	32.19626	14.343384	18.852207	97.62128	85.57988	14.69828
G000023825	24.453285	51.040035	46.862595	58.87857	21.552523	41.20333	22.66493	46.798786	14.380785	25.66695	84.03392	103.30788	46.73566	29.636354	33.050537	62.339497	49.78891	52.31216	25.42207	21.686996	51.84076	70.51394	78.806206	38.458355	27.527704	20.959059	160.4567	72.17816	30.959127	67.01939	42.434692	35.742203	79.72854	23.39065	70.36908	79.52253	14.349051	0.0	20.140543	53.181656	29.924273	94.83327	25.680983	37.47351	113.71047	118.60416	67.50119	22.419085	62.26286	27.715187	0.0027736356	19.36991	45.696224	42.772106	49.866196	70.21165	22.070868	43.21503	47.35926	47.749573	153.34026	30.291798	52.940384	18.172014	40.5979	121.94832	117.62179	19.121412
G900111825	8.822522	22.876337	32.62779	51.775433	28.675678	33.22691	18.03844	51.508938	38.476795	24.902792	75.11576	134.16652	38.335323	32.2657	67.34957	78.61649	21.317694	39.103592	25.080269	23.989645	37.139942	25.167574	44.168777	8.134649	29.875275	11.225579	88.11529	56.876087	32.11074	62.0224	7.915158	5.0608993	42.352573	28.808836	83.96027	75.678215	6.4835377	20.140543	0.0	37.23899	2.515951	124.17369	24.981598	46.586323	61.346123	81.01865	82.983475	26.733604	53.372288	1.4385325	20.10472	33.905148	55.76928	25.278173	26.08041	36.55141	21.040056	43.266052	52.048336	13.1543045	116.336586	29.18487	20.712791	30.789923	25.967035	82.95208	64.305435	30.574759
G001808025	64.435905	46.931	8.41475	14.462508	23.804987	32.328556	59.96937	100.17822	44.29812	25.049492	12.37453	110.72228	1.8324828	71.17992	53.877064	113.00392	28.566597	0.42336592	26.143587	24.670553	0.15803099	50.15465	14.999905	40.152348	67.88117	19.615288	123.544304	11.756031	50.54048	10.477365	34.66118	51.991673	23.412758	58.379272	34.113136	19.202387	27.607769	53.181656	37.23899	0.0	40.61155	87.01155	25.03881	86.38004	98.05586	75.91694	114.80767	62.142017	8.50943	39.53635	52.984074	36.40588	16.888449	24.858057	12.124898	32.796715	56.161694	91.24655	100.269554	50.827213	108.41484	63.211662	44.97713	30.145092	22.724464	81.20198	100.90944	33.897476
G001442625	10.234485	24.356089	36.247334	58.34322	38.636208	39.126183	23.272305	58.360832	53.114006	31.760548	79.17425	150.37665	44.1107	40.326252	85.13945	91.86469	19.076658	43.32578	32.026806	31.54792	40.896996	17.200495	40.591553	7.712959	38.860546	13.211204	71.902176	60.730385	38.86555	65.516754	7.026431	2.207294	37.932606	37.82219	95.10816	80.915016	12.348207	29.924273	2.515951	40.61155	0.0	143.35005	31.856411	55.87593	47.904743	69.88487	93.8193	35.2202	57.9858	0.83548945	29.88394	44.90364	67.47658	25.589434	24.700712	31.342308	27.738874	50.60901	62.87896	10.534902	101.88111	36.866608	13.691184	41.850765	27.2945	71.228745	50.61358	41.136166
G900109365	124.38541	183.95496	69.31628	46.923977	48.342438	148.85982	111.96211	94.69583	73.76266	110.903694	81.10394	40.64057	73.77678	78.28271	46.599407	59.823837	160.41812	78.67837	111.6092	104.05414	83.34369	194.88394	158.4315	130.85255	78.00267	115.41933	356.29068	109.700836	160.80084	84.03387	152.06487	161.50966	184.32216	64.88813	26.218779	81.094734	97.16886	94.83327	124.17369	87.01155	143.35005	0.0	110.711266	77.290306	285.92938	245.90945	59.164925	81.02347	70.70835	141.79028	94.70328	100.74996	37.895786	151.71458	119.017944	190.7046	88.9856	91.79414	80.746346	191.44583	301.10672	75.17277	178.21266	86.96397	142.16124	257.37524	295.18323	102.184944
G000722885	48.687218	23.437317	27.54645	41.410732	26.14251	11.050413	45.831524	92.35642	16.913944	0.0025841948	45.728687	130.16074	22.36156	63.689922	39.286846	111.37321	22.155138	26.162663	0.08031355	8.233555	24.986197	54.77487	35.323162	36.76229	60.389736	11.572095	123.16975	31.90512	9.163321	32.85498	30.30752	41.316982	35.543884	50.045406	63.77238	42.64948	12.353442	25.680983	24.981598	25.03881	31.856411	110.711266	0.0	75.660095	92.262794	92.3711	115.286	52.816605	32.31132	28.475164	25.555468	12.448085	31.52563	12.9370365	23.622416	30.388605	47.60392	87.28879	93.36878	35.316757	107.94024	60.67914	50.19061	11.182043	10.905085	94.602196	94.67597	8.487865
G001898335	33.163445	107.70404	58.723274	63.024574	34.614815	106.769	19.896461	4.811181	56.128723	75.681564	112.11169	82.53199	80.33661	5.282071	72.81608	14.8973055	89.11829	83.45853	75.85745	77.969505	84.2369	97.598724	121.42935	58.452076	7.29107	59.36008	214.77606	123.588	97.38207	96.21835	77.43502	62.643143	129.03587	6.7790446	77.52512	108.096825	47.208878	37.47351	46.586323	86.38004	55.87593	77.290306	75.660095	0.0	147.59508	150.10376	13.383415	8.614407	87.99421	55.022533	37.497547	83.37131	69.054985	92.603966	74.74888	120.77247	11.11595	8.578497	8.278007	93.38179	188.96608	7.5646887	85.79415	73.77703	89.358505	157.24954	153.60555	80.50716
G000799115	81.365005	55.087498	97.94701	134.14157	122.83344	88.97677	90.55162	146.67694	150.08047	92.07794	133.61842	268.5852	112.01871	130.58861	200.76495	219.53996	48.01544	106.2638	92.70904	96.10714	100.62902	21.588058	56.75769	60.184254	130.91959	59.13959	21.53601	114.19728	86.456726	117.25296	47.001923	45.778088	47.635056	128.37321	191.35144	134.95947	82.11854	113.71047	61.346123	98.05586	47.904743	285.92938	92.262794	147.59508	0.0	41.768173	208.66599	121.64068	120.05896	48.175404	113.62718	123.88457	161.47421	54.317547	55.93047	33.553516	104.62389	142.7517	169.8088	33.95938	45.652042	124.45102	31.371136	123.232666	60.394886	41.156757	0.9921208	116.23938
G000304455	108.65476	81.48278	78.80594	106.50623	103.487724	95.65838	100.80233	151.01219	144.13904	92.19756	91.18343	233.44817	85.914276	135.05284	186.37271	215.45787	59.69061	82.146	93.11158	98.41728	78.18287	48.741695	43.470818	88.77124	137.04237	61.64303	64.55161	94.60516	96.859184	79.87493	73.849	75.23676	42.1966	129.47495	147.09749	99.61242	95.13536	118.60416	81.01865	75.91694	69.88487	245.90945	92.3711	150.10376	41.768173	0.0	203.56075	122.95024	92.89992	70.20077	118.446236	126.657	129.37631	55.754314	42.979633	40.702984	107.294464	149.19185	179.23483	63.183037	26.849583	127.80424	47.46256	123.44445	59.22543	4.681693	39.70003	118.36602
G002013915	59.897556	161.29262	80.54135	74.32431	53.337257	156.63936	49.2541	14.455457	83.36646	115.35161	134.81639	60.07476	106.62921	19.34921	86.88246	8.757481	138.19688	109.5307	115.727905	115.47609	111.690605	142.77362	167.64737	88.73247	23.324703	99.16553	286.75183	157.09225	150.51482	122.28035	119.01634	103.149086	182.786	20.347612	77.421005	128.43326	80.20907	67.50119	82.983475	114.80767	93.8193	59.164925	115.286	13.383415	208.66599	203.56075	0.0	29.910685	108.28833	94.45838	67.55225	119.07192	82.66714	143.09526	111.80424	173.02893	35.870445	19.058584	14.622436	146.37756	252.02249	22.707056	129.15654	105.67879	137.93507	213.0677	217.38107	117.56518
G900103125	21.762888	74.89527	44.56597	54.259468	22.1933	73.460945	8.76766	11.182932	39.576057	52.804924	92.056274	91.91607	56.447224	4.037482	60.130486	23.516497	62.608295	60.320152	52.9896	53.7872	60.52628	74.1069	90.47125	41.847336	3.11712	37.732384	173.98637	93.749176	67.93174	77.15014	52.33176	41.148724	94.944786	5.706334	71.226234	92.30923	28.448511	22.419085	26.733604	62.142017	35.2202	81.02347	52.816605	8.614407	121.64068	122.95024	29.910685	0.0	71.072945	34.0551	22.424728	58.360397	54.031017	64.441895	54.205967	90.55681	1.1120089	8.801772	11.590609	64.33468	165.37807	4.441013	62.942593	51.370144	62.345127	129.52591	125.47582	55.80847
G900116225	77.89628	69.94366	9.8725395	10.333166	26.813135	49.120163	74.55175	104.5277	47.63784	32.380257	8.766586	91.92898	8.640068	78.49715	49.58418	112.38215	43.87435	7.598044	33.534878	33.314304	8.053398	67.36402	28.999958	55.088905	76.174065	30.655304	160.38324	17.555357	63.214027	6.4578595	54.318024	72.69508	43.314655	63.506207	21.66461	8.440886	37.06915	62.26286	53.372288	8.50943	57.9858	70.70835	32.31132	87.99421	120.05896	92.89992	108.28833	71.072945	0.0	57.579956	62.04926	42.324387	15.049565	37.95876	20.951942	46.413933	66.16526	100.044235	106.30222	74.9532	120.24595	71.10966	63.697296	35.274906	34.064796	99.60983	124.28674	40.061756
G900100705	11.040408	20.78898	35.879116	57.439877	36.31315	35.223694	21.975634	58.63267	49.059967	28.377113	78.08655	149.56331	42.5924	39.5987	81.393974	91.78068	18.290564	42.306347	28.582848	28.492329	39.849323	18.021757	39.526863	7.63582	37.849663	11.866722	71.61682	58.988316	34.523975	64.81015	5.766743	2.5553823	36.454407	36.477	94.28697	79.87798	10.483933	27.715187	1.4385325	39.53635	0.83548945	141.79028	28.475164	55.022533	48.175404	70.20077	94.45838	34.0551	57.579956	0.0	27.674444	41.622585	65.23096	23.320927	24.10202	30.461609	26.654541	50.53088	62.16658	8.574146	102.238106	36.09529	15.0631	38.678623	24.903563	71.56797	50.708138	37.58384
G000410815	24.482346	50.951073	46.698097	58.69336	21.448303	41.059147	22.670082	46.854298	14.312802	25.541676	83.76781	103.26368	46.5461	29.657764	32.942883	62.39496	49.655888	52.115166	25.300182	21.565102	51.645145	70.40899	78.59116	38.40889	27.547096	20.846544	160.34633	71.93731	30.882769	66.780464	42.35771	35.722065	79.53563	23.395151	70.158775	79.2604	14.279755	0.0027736356	20.10472	52.984074	29.88394	94.70328	25.555468	37.497547	113.62718	118.446236	67.55225	22.424728	62.04926	27.674444	0.0	19.260035	45.5269	42.620667	49.69261	70.03375	22.064358	43.258675	47.415546	47.677895	153.12993	30.299414	52.863014	18.059189	40.44058	121.792564	117.53881	19.006607
G900129215	55.431416	40.900738	39.855812	51.86526	29.664354	17.992947	57.07416	102.00124	11.55087	12.475228	58.613354	121.41441	31.081995	71.76175	21.537458	112.445526	40.259575	36.069103	12.531346	5.4674773	35.603878	77.50282	59.257156	50.596294	66.04751	19.922926	160.27113	37.290455	19.466684	45.830868	44.23829	54.490757	61.41326	56.894974	61.4797	52.614265	16.9054	19.36991	33.905148	36.40588	44.90364	100.74996	12.448085	83.37131	123.88457	126.657	119.07192	58.360397	42.324387	41.622585	19.260035	0.0	34.14348	28.668024	44.316296	54.79331	56.18355	95.77353	97.205826	51.81491	151.56941	69.067375	64.53672	1.2478613	25.448109	128.69693	128.00409	1.0119536
G000686625	75.4105	80.212166	17.427078	11.268703	14.988184	52.047916	65.875046	87.2627	25.757496	31.614683	21.27737	65.98569	10.084593	61.09594	21.973341	78.56525	64.710045	13.732648	32.357178	31.897789	15.316063	97.65313	55.9485	64.70039	58.368973	38.446503	206.47105	32.016705	63.050846	18.050947	67.85181	83.69215	69.35101	45.702038	13.658852	21.663118	36.051003	45.696224	55.76928	16.888449	67.47658	37.895786	31.52563	69.054985	161.47421	129.37631	82.66714	54.031017	15.049565	65.23096	45.5269	34.14348	0.0	53.97455	38.76971	76.32735	54.35919	82.07748	81.32633	91.47499	166.63515	55.647865	87.55797	26.298904	48.376255	136.98843	166.34799	33.128513
G000403135	53.918884	16.799534	29.33448	52.278362	40.043114	11.681308	48.599205	105.60172	43.912506	12.907142	46.208893	167.18483	27.986012	77.74506	73.79356	142.78848	7.329026	28.166538	13.422647	16.8335	25.931314	33.148872	15.689935	35.312588	73.845474	8.27329	75.657196	28.94164	18.000387	34.652576	21.489115	31.634548	13.916568	66.69925	83.80997	48.63183	20.152212	42.772106	25.278173	24.858057	25.589434	151.71458	12.9370365	92.603966	54.317547	55.754314	143.09526	64.441895	37.95876	23.320927	42.620667	28.668024	53.97455	0.0	12.145393	11.570716	54.706238	99.461235	113.513756	19.3652	65.72234	72.63712	30.893156	28.227156	0.5794093	57.868645	54.911877	24.1145
G900109575	49.878872	32.885727	10.162652	26.859482	27.676151	31.117804	43.134026	84.583664	52.990814	23.592157	27.588507	130.64468	16.431702	61.928574	76.66651	116.70628	13.279725	14.3203335	24.55664	27.951424	12.859895	27.422373	9.982841	29.256306	60.85538	11.83169	83.455635	26.394934	41.779694	20.091934	23.581713	32.995457	14.019514	52.773003	55.65557	30.89894	24.46719	49.866196	26.08041	12.124898	24.700712	119.017944	23.622416	74.74888	55.93047	42.979633	111.80424	54.205967	20.951942	24.10202	49.69261	44.316296	38.76971	12.145393	0.0	14.798944	45.164318	79.726326	94.18664	29.946005	62.408653	55.873863	27.209145	38.917862	11.847567	47.254612	57.933113	39.200577
G000190735	67.88596	21.397463	39.08787	65.7543	63.7576	30.106651	68.72355	130.10959	77.30013	30.300028	56.07063	197.29916	40.245377	102.43928	114.318016	176.51527	13.813212	38.05176	31.056324	37.81592	34.7014	21.332561	13.551387	39.129154	100.52335	21.085842	48.797787	40.759617	35.6502	43.920685	25.91116	37.24644	10.149652	92.6721	106.566536	55.960625	38.915485	70.21165	36.55141	32.796715	31.342308	190.7046	30.388605	120.77247	33.553516	40.702984	173.02893	90.55681	46.413933	30.461609	70.03375	54.79331	76.32735	11.570716	14.798944	0.0	77.42621	122.970184	142.48392	23.554485	48.447304	95.43953	28.209435	53.358814	13.770047	41.83818	34.130955	48.19277
G900155965	18.223417	64.75528	39.93963	52.14017	21.437922	66.42604	6.364569	13.305507	40.799835	47.584854	86.17253	98.71045	52.08639	5.23473	64.1188	30.901167	52.158527	55.137173	47.798325	49.234978	54.905228	61.48945	78.36831	34.7096	4.5659866	30.875168	153.31667	86.88997	61.044506	71.64911	43.217274	32.935204	81.953865	7.015709	72.34382	87.360794	24.239769	22.070868	21.040056	56.161694	27.738874	88.9856	47.60392	11.11595	104.62389	107.294464	35.870445	1.1120089	66.16526	26.654541	22.064358	56.18355	54.35919	54.706238	45.164318	77.42621	0.0	10.29588	15.695762	53.24193	147.0972	5.1370654	52.053764	49.609997	53.261597	113.545685	107.93705	52.986984
G900110415	27.583126	105.17369	66.42419	74.41938	41.375233	115.042656	15.407457	4.304972	70.8903	87.25807	125.088066	95.77148	86.62529	3.738848	91.48354	16.984888	91.24747	88.93957	87.479904	88.685616	89.334946	89.56901	124.0681	50.853325	5.2258625	64.503136	197.59941	132.82014	107.397934	111.59487	71.62083	53.8751	130.29149	10.485144	93.08283	126.235504	50.708992	43.21503	43.266052	91.24655	50.60901	91.79414	87.28879	8.578497	142.7517	149.19185	19.058584	8.801772	100.044235	50.53088	43.258675	95.77353	82.07748	99.461235	79.726326	122.970184	10.29588	0.0	4.7848144	88.09953	198.76953	5.1636624	80.774185	85.67008	97.75656	156.92392	147.83623	92.73643
G000333295	34.81142	117.87209	72.58753	76.69786	45.649273	123.32904	23.938818	7.1713276	68.143486	93.367615	134.06502	88.70365	93.49367	6.245665	84.10431	8.979184	105.96134	96.8948	93.47947	94.15041	97.81637	109.14613	141.93584	61.48111	5.9665546	75.82066	229.88264	140.53806	116.25703	119.57267	84.3113	68.04068	149.24959	11.731894	92.93163	131.51344	56.045574	47.35926	52.048336	100.269554	62.87896	80.746346	93.36878	8.278007	169.8088	179.23483	14.622436	11.590609	106.30222	62.16658	47.415546	97.205826	81.32633	113.513756	94.18664	142.48392	15.695762	4.7848144	0.0	104.96106	230.63849	7.480406	100.58655	86.527824	110.473175	187.00055	176.09828	95.0795
