	G900129735	G001577125	G000010305	G900142455	G002010635	G900142505	G001800635	G001577135	G001780825	G000474745	G001799975	G001799565	G000024665	G001462305	G001462245	G001800495	G001780805	G900142465	G002010615	G001875255	G001303705	G001462255	G001462315	G001799575	G001603925	G002010655	G001603875	G000402415	G001799915	G001462345	G001462225	G000146065	G001780795	G900142545	G001603905	G001799925	G001799795	G001462235	G000980745	G001800015	G001918595	G002011615	G002011635	G000020145	G000980765	G001802045	G000980735	G000494005	G002011675	G001919145	G001800205	G001780165	G001800355	G001800095	G001800375	G001800235	G000695095	G001412425	G001303225	G001800325	G001920195	G001784175	G001027545	G000146505	G001800315	G001302835	G001800245	G001799745	G000522985	G001800565	G001800425	G000404745	G001777945	G001799775	G001303785	G001045525	G001577185	G001508575	G001304335	G001800455	G001789275	G001871115	G001873075	G900143015	G001304185	G001800525	G900142485	G000397885	G001800475	G001871125	G001304255
G900129735	0.0	264.54623	102.836685	66.97273	331.7442	31.772196	279.45703	239.64772	185.48305	109.91932	88.79896	178.49385	26.65885	8.608756	134.0704	126.4902	185.40112	32.55549	332.40005	160.77159	124.51233	93.277626	13.379042	186.91362	13.379042	370.10162	162.42577	275.01172	180.96161	162.42577	126.55149	205.15868	180.47404	14.262879	8.598029	203.84906	209.86334	156.16135	244.55786	133.06845	121.87112	331.7793	410.8951	277.5755	493.97726	150.3766	243.893	275.77744	355.3643	68.78811	161.43552	235.92632	115.57843	201.42435	144.72546	162.99669	103.32544	218.62177	142.54236	175.8681	83.692635	119.41025	267.15308	26.66863	161.65746	126.61409	147.22714	175.20152	298.60422	275.41782	163.31601	187.16557	168.86734	186.7137	71.652306	140.89973	274.4786	357.26154	104.3298	164.49385	78.07849	211.90198	77.28598	32.713062	125.87026	114.18472	33.595425	184.02554	162.2788	210.2548	78.04029
G001577125	264.54623	0.0	313.61353	207.54425	130.90036	212.0731	56.24046	14.383317	303.18692	130.63547	222.42963	264.8372	216.1523	250.61981	126.04196	173.89853	304.422	205.63637	111.221306	320.40582	293.27902	247.9235	243.42432	309.05948	243.42432	124.96797	56.217525	15.879656	269.1099	56.217525	127.51895	56.5591	325.17365	244.8168	250.88077	352.0285	361.44727	117.7998	203.99614	284.71368	309.2919	130.9294	137.53302	180.80838	135.2731	331.70868	212.59946	15.984844	103.66963	269.44223	188.60214	386.6578	236.06786	348.92188	255.31662	203.45383	308.76254	32.048534	60.680355	81.859375	285.05228	300.25592	185.7602	216.1052	199.6657	294.949	256.01843	259.19324	432.6387	53.90427	197.7416	24.542942	238.14336	308.90042	147.40742	90.955055	1.171654	87.51837	247.80191	211.87576	178.06177	331.31717	116.53728	201.71591	293.73825	226.2586	201.80229	25.75585	200.85028	48.19288	133.9808
G000010305	102.836685	313.61353	0.0	185.2812	392.28073	136.02821	347.24844	293.8128	143.46834	163.86516	118.43743	205.46631	153.7349	119.65436	231.71158	183.55743	142.82568	136.94275	378.42007	164.04053	76.981	141.21318	133.9385	171.43472	133.9385	428.00052	252.0545	339.52277	206.71965	252.0545	224.83583	273.24734	148.19446	131.0051	119.67151	167.70834	164.99437	258.07898	307.04193	121.602455	34.58478	392.61777	467.53247	344.82767	532.23975	42.759365	307.3878	340.46124	410.89124	31.828518	213.85663	111.622116	159.03621	166.30775	156.29472	213.25003	14.295046	261.24762	198.93262	248.35344	37.144444	77.18767	355.8614	153.74103	212.17674	77.1026	159.49748	203.33539	169.00969	343.335	214.31638	245.98648	151.70363	171.58046	130.10735	191.54128	322.3351	418.86478	130.93169	213.6892	121.95089	203.51538	164.28671	163.18503	78.147675	160.52313	164.75877	240.78552	212.72682	273.887	132.86827
G900142455	66.97273	207.54425	185.2812	0.0	247.8183	65.078835	201.40234	176.44344	209.83989	109.5593	77.94293	156.29962	42.36773	51.84503	56.05058	110.89833	210.0126	62.852936	287.12253	218.0048	203.68561	92.45547	48.72709	189.40804	48.72709	276.72324	112.25476	198.84154	159.6494	112.25476	51.65135	144.91551	227.9834	51.75294	51.939617	240.41035	251.07394	73.00505	205.29366	141.65074	186.15837	247.59831	315.3874	196.56734	382.24207	223.9971	205.70279	199.33713	265.21463	131.34517	127.33906	295.78906	110.33343	238.35631	141.69463	131.41069	177.23929	170.23642	134.63246	116.41346	145.04208	151.61241	164.15578	42.377323	130.09961	205.7926	142.24956	152.64366	352.63605	198.70522	130.43605	145.8573	192.18176	189.04828	100.70319	122.96342	215.91245	263.72067	171.98709	133.6398	81.76575	226.34024	46.03531	40.78799	204.7623	106.03636	41.29338	143.98131	130.55516	158.70947	100.41314
G002010635	331.7442	130.90036	392.28073	247.8183	0.0	283.51175	96.33858	100.78023	323.69766	175.02275	244.44432	249.7789	301.07062	323.04968	160.48616	188.71141	324.33215	277.62183	114.99321	321.30682	355.72266	294.78473	322.89038	302.8603	322.89038	11.126269	134.47964	103.19773	253.24294	134.47964	163.27052	119.76471	361.32617	326.17572	323.4202	358.17856	356.91336	154.48035	181.52583	307.6145	375.97363	0.14637303	26.713633	156.36412	151.52435	378.98114	188.63672	103.19733	13.306274	343.96323	187.67915	420.53635	266.2093	355.69913	260.42114	198.63464	371.03027	115.65019	160.84424	113.306755	366.10217	341.39606	182.09032	301.0262	196.67157	357.11902	259.6361	244.51717	473.2975	97.1466	193.24213	117.53104	279.34323	302.69104	259.4537	141.60275	134.92029	49.78102	315.13022	203.94762	217.99257	313.96823	190.65248	290.83453	355.4719	257.34717	291.50394	117.43676	197.21239	76.54808	236.06429
G900142505	31.772196	212.0731	136.02821	65.078835	283.51175	0.0	248.9594	189.19467	187.20602	77.9886	81.92398	171.40227	25.109812	17.825216	108.12786	110.7219	187.63152	0.22402515	277.60162	133.14577	142.12555	118.07775	20.11668	187.12517	20.11668	323.04037	120.02625	223.94989	174.21492	120.02625	103.977325	156.81711	189.0229	16.156301	17.859486	217.93785	216.54874	122.18794	200.20435	137.79549	168.23991	283.87018	364.80652	261.43042	443.70676	188.51747	200.84645	224.76126	306.7752	98.16986	147.80261	283.6972	126.340126	214.84615	138.64519	151.74736	129.60815	164.02869	104.190186	142.96419	118.613235	149.29936	260.96475	25.098707	149.91055	145.16913	140.95576	167.37418	364.65848	244.70189	150.95012	144.05617	136.90819	186.98672	48.859455	93.918976	222.403	309.79285	87.217415	154.82677	65.47193	211.44205	45.707985	27.755865	143.35773	122.65471	28.512321	141.19368	150.65111	170.10443	51.64673
G001800635	279.45703	56.24046	347.24844	201.40234	96.33858	248.9594	0.0	45.22988	313.7698	170.01538	227.5984	215.17343	235.93361	269.81793	106.170586	143.27211	314.94672	242.62776	138.61032	359.89517	356.55563	220.11234	259.67755	287.179	259.67755	85.71073	83.61574	45.316208	218.77124	83.61574	104.398315	67.82213	381.41406	265.38382	270.0973	367.48648	346.44586	102.66123	227.63478	277.7864	331.00818	96.05307	99.78116	88.164566	108.56287	352.62653	236.18365	45.28782	73.63905	305.2907	145.08444	392.9132	195.79071	365.3781	232.14073	157.96872	331.85843	71.52862	116.18485	50.054237	321.70004	308.55136	89.166824	235.89775	155.05177	357.21863	231.75609	210.87122	434.08932	0.20693696	152.79071	69.153206	268.8264	286.9103	209.23047	137.72946	60.25961	81.13584	334.06604	164.18704	180.04002	303.00995	152.33144	222.39865	357.0689	187.19492	222.79651	69.245155	155.8758	29.467316	194.0381
G001577135	239.64772	14.383317	293.8128	176.44344	100.78023	189.19467	45.22988	0.0	266.1828	107.1955	186.26675	219.65218	196.8993	227.19556	94.07677	137.75145	267.3482	183.22548	91.832214	283.84756	273.8644	213.78369	221.33704	268.5516	221.33704	99.607704	50.812363	16.841806	223.52893	50.812363	95.85379	37.45735	302.7975	223.51607	227.44073	319.79602	322.1061	86.89025	175.72562	246.1031	288.55316	100.88141	115.48898	144.80484	130.24107	306.39008	183.62471	16.964264	82.60066	248.88269	150.01729	360.3603	199.70604	316.88498	216.91286	163.18129	282.13565	24.693424	53.940357	55.36283	266.78677	273.65472	154.16708	196.85912	159.96346	275.41983	217.35706	214.42207	412.25555	43.317944	157.9479	24.86715	209.77783	268.38162	137.00888	71.1835	16.387434	80.80303	231.21387	170.30795	145.8014	287.35938	98.38669	183.81374	274.27975	190.39403	183.93214	25.333998	160.97266	29.623096	122.589516
G001780825	185.48305	303.18692	143.46834	209.83989	323.69766	187.20602	313.7698	266.1828	0.0	171.98318	80.24968	91.53226	234.4426	197.6704	211.9287	105.41004	0.20762247	187.2865	340.9582	102.7399	119.122986	150.74158	212.78905	49.121613	212.78905	363.78494	273.67316	320.7719	91.40247	273.67316	209.03041	231.43196	121.138306	210.457	197.7663	81.48856	65.26479	247.22124	236.2726	51.362885	127.630806	324.26605	390.89734	269.70242	499.09622	84.881096	236.12317	321.50278	351.9409	111.60771	115.77418	127.92877	114.330925	80.81451	55.843704	111.29353	112.57962	215.70795	232.36801	183.48155	141.17026	82.62267	305.81503	234.45671	111.684235	119.44529	57.013367	90.77308	282.7618	311.00104	113.1995	248.96355	48.423805	49.06301	186.80788	165.2554	313.6074	357.2545	195.82677	109.69844	100.977875	49.707523	203.94217	242.4425	119.15707	115.59625	244.36613	244.1265	111.69117	233.91246	170.76363
G000474745	109.91932	130.63547	163.86516	109.5593	175.02275	77.9886	170.01538	107.1955	171.98318	0.0	91.87921	150.20317	98.35394	105.25236	84.50474	86.35264	172.67545	75.17006	155.61328	123.91858	128.99959	121.945724	107.770615	175.42587	107.770615	209.49036	82.81893	144.60226	153.21257	82.81893	84.08033	91.80808	163.88629	106.01201	105.41934	209.4068	221.65285	94.77141	122.351944	146.07924	184.37299	175.02377	233.49245	207.9791	352.44296	196.97678	124.16716	145.24484	196.01503	128.21304	113.364586	281.506	123.69498	206.26486	126.54589	120.10124	155.58043	92.71475	45.33043	89.95127	152.32788	168.61853	225.18303	98.32241	117.75074	130.90172	128.03969	145.86891	356.30276	166.59576	117.23623	70.40864	119.91256	175.26631	43.159695	24.616621	137.52213	194.99965	76.97116	124.59965	51.999546	192.55241	43.071903	95.9949	129.52303	117.601494	96.02615	68.69577	118.58351	93.453224	35.066444
G001799975	88.79896	222.42963	118.43743	77.94293	244.44432	81.92398	227.5984	186.26675	80.24968	91.87921	0.0	65.906525	104.81147	90.258194	97.97421	61.773148	80.457245	81.30345	265.3672	102.67573	126.21105	77.07679	97.492516	63.177017	97.492516	281.97125	157.2504	228.65555	67.25217	157.2504	95.64214	151.30743	140.8032	97.78753	90.34771	105.1859	97.34178	123.8758	159.53018	35.409992	121.19762	244.52437	311.23297	187.0836	410.73004	114.10777	158.3722	229.32733	270.87405	86.191154	71.316536	172.56612	65.668	103.860176	43.43311	70.46435	91.36706	158.37863	148.69765	109.68498	112.54047	76.20071	199.9954	104.81836	70.15412	127.31952	44.057972	63.916744	277.01813	225.30939	71.145966	162.41254	74.54757	63.139206	109.92568	99.64081	231.45874	274.2284	137.21965	70.21093	43.779057	85.788635	83.35901	110.97045	126.75784	64.36695	112.21641	159.0767	70.30121	161.13948	99.067314
G001799565	178.49385	264.8372	205.46631	156.29962	249.7789	171.40227	215.17343	219.65218	91.53226	150.20317	65.906525	0.0	195.7665	182.94182	117.213036	36.83037	92.340256	170.33359	291.1081	164.97908	231.422	81.96271	184.77101	34.209126	184.77101	290.0885	208.73338	271.14703	0.12777568	208.73338	111.81997	163.73785	249.974	187.17215	183.02768	168.47113	73.92506	147.59718	192.89017	53.826214	191.95506	250.25182	310.30548	114.56938	414.23206	175.05016	194.24335	271.6949	281.91214	169.90352	28.045803	216.00633	33.515816	167.8622	14.986675	25.168928	156.26128	188.65367	215.58281	92.99787	200.4531	135.06519	147.0327	195.7688	25.691423	231.89662	14.319002	0.16556266	331.82617	214.13823	26.329294	216.84732	107.32165	34.07258	193.37541	144.87479	275.20544	283.20044	264.10266	23.69204	68.4769	33.708447	163.70969	199.74292	231.58446	33.49177	201.39969	213.12868	25.533243	162.25642	175.1729
G000024665	26.65885	216.1523	153.7349	42.36773	301.07062	25.109812	235.93361	196.8993	234.4426	98.35394	104.81147	195.7665	0.0	13.456258	92.16883	128.72899	234.538	24.164064	308.3164	209.17796	175.26805	102.91689	8.252792	227.87418	8.252792	334.97424	111.18554	224.39293	199.22417	111.18554	86.12192	167.93909	229.44058	8.92446	13.501819	266.07944	271.72223	106.10087	235.82779	167.15886	172.48575	301.08743	379.27274	251.95355	434.36365	217.74844	236.6381	225.06268	317.7401	107.05676	158.48637	307.01385	127.78367	263.20596	170.37926	163.55681	155.82764	187.231	109.16286	147.16571	119.00213	164.2466	226.04826	0.00023709495	161.61185	178.30133	172.46019	191.44196	357.22873	231.85416	162.51036	145.6317	199.0883	227.64514	56.0194	118.88025	225.21169	317.01886	121.764	167.30824	82.16616	258.9208	42.984207	2.031779	176.80191	123.60068	2.1004944	143.18893	162.36171	176.60646	62.649506
G001462305	8.608756	250.61981	119.65436	51.84503	323.04968	17.825216	269.81793	227.19556	197.6704	105.25236	90.258194	182.94182	13.456258	0.0	119.38622	125.84854	197.59569	18.255096	325.59442	167.76585	141.54619	96.89579	3.998325	195.94339	3.998325	359.90677	146.32266	260.25656	185.69864	146.32266	112.161896	191.67844	192.4608	3.2843397	0.0021124966	221.56696	225.87688	139.82207	238.25137	140.26965	141.18362	323.15674	404.6343	274.79596	477.9568	174.3008	238.21413	261.0238	344.5266	80.057144	159.44725	264.44443	120.03737	218.95496	149.32164	162.01355	120.593185	205.75552	131.39517	167.09998	94.86249	130.7658	258.4402	13.461451	160.5232	144.23299	151.69652	179.2475	327.64758	265.70166	162.0161	173.57185	170.03563	195.72961	62.10033	131.8408	261.0058	348.7046	105.74456	164.16093	78.186646	224.88683	62.160324	17.942144	142.94888	117.630165	18.634508	170.63757	161.17772	201.22092	69.21107
G001462245	134.0704	126.04196	231.71158	56.05058	160.48616	108.12786	106.170586	94.07677	211.9287	84.50474	97.97421	117.213036	92.16883	119.38622	0.0	73.85277	212.68279	104.27649	193.50781	236.07463	247.75285	103.5408	109.84738	185.50558	109.84738	184.03967	70.2081	120.61045	120.6168	70.2081	1.6282843	63.03517	281.89215	113.524284	119.54797	281.02722	247.92905	7.0162168	151.18976	149.82607	234.1958	160.60336	208.89288	102.179375	265.2736	260.90387	154.95935	120.94955	171.912	185.65556	77.383026	322.0491	93.3027	278.74472	127.777954	84.67106	211.18835	102.30824	94.67315	45.08595	204.25491	203.9311	88.08762	92.15801	82.87945	249.49461	127.63434	113.88324	383.89734	104.07768	82.05035	87.85038	179.74619	185.2684	110.78762	78.03483	132.26279	171.90054	210.1103	88.73439	73.513824	202.82578	49.70081	85.08888	248.52773	86.88545	85.31998	86.49793	83.4557	77.57145	101.02108
G001800495	126.4902	173.89853	183.55743	110.89833	188.71141	110.7219	143.27211	137.75145	105.41004	86.35264	61.773148	36.83037	128.72899	125.84854	73.85277	0.0	106.36296	108.752144	223.3993	142.0799	193.5428	79.68738	126.30105	77.73406	126.30105	220.37805	129.10144	173.0366	38.085274	129.10144	68.87148	91.331436	218.0541	128.23035	125.97443	178.52876	123.77214	97.35166	165.98398	80.54896	179.26434	188.80942	249.4294	111.86213	343.19647	177.8978	167.7226	173.59818	211.0831	141.93584	21.224693	237.73705	33.839855	176.84799	42.31535	22.929804	151.48413	108.51019	122.034775	36.95465	167.39302	135.98335	132.92827	128.71564	22.237104	194.54475	42.518818	34.833405	334.28418	141.3912	22.49352	123.24753	93.4472	77.48439	110.984634	77.1108	185.24452	221.00793	193.96117	24.502527	33.65885	80.13849	96.70089	129.78004	193.98454	30.747433	130.82515	119.90354	22.51182	84.16208	96.42213
G001780805	185.40112	304.422	142.82568	210.0126	324.33215	187.63152	314.94672	267.3482	0.20762247	172.67545	80.457245	92.340256	234.538	197.59569	212.68279	106.36296	0.0	187.73218	342.66248	102.9393	118.746796	151.23723	212.87292	49.361065	212.87292	364.3486	274.83316	321.8059	92.18039	274.83316	209.7825	232.52614	120.392715	210.52602	197.69012	81.20618	65.40606	248.16063	237.74117	51.48863	126.59752	324.8914	391.73776	270.60464	500.2361	84.32182	237.58406	322.536	352.5968	110.93883	116.65341	127.25191	114.774445	80.56058	56.28747	112.15614	112.2836	216.56407	233.32233	184.66342	140.25546	81.90245	306.48315	234.55284	112.55576	119.08048	57.450977	91.57055	281.3365	312.17215	114.05487	249.82755	49.316578	49.300392	187.39737	166.1812	314.85242	358.38556	195.91779	110.53894	101.61638	50.225716	204.59337	242.57782	118.78328	116.09461	244.5195	244.95251	112.55965	235.0857	171.33533
G900142465	32.55549	205.63637	136.94275	62.852936	277.62183	0.22402515	242.62776	183.22548	187.2865	75.17006	81.30345	170.33359	24.164064	18.255096	104.27649	108.752144	187.73218	0.0	272.62363	134.2444	142.36403	117.07035	20.168787	187.03674	20.168787	316.63867	115.00366	217.17966	173.20213	115.00366	100.180176	151.63843	188.92389	16.34712	18.294426	218.64314	217.82898	117.96213	197.15228	138.03568	168.61153	277.96362	358.1465	257.15002	436.21573	189.40436	197.91249	217.97945	300.35706	98.68612	145.3656	284.19635	125.10029	215.56046	137.98387	149.53514	130.72162	158.78943	99.70704	138.5463	118.93919	149.60663	256.39963	24.151398	147.65129	145.40868	140.26582	166.2506	364.5828	238.38455	148.63185	138.55298	136.27553	186.89334	46.700363	90.18949	215.85022	302.72336	86.72722	152.76448	64.03428	211.63116	42.53421	26.363213	143.58453	121.23848	27.089006	135.74353	148.40306	164.672	49.308857
G002010615	332.40005	111.221306	378.42007	287.12253	114.99321	277.60162	138.61032	91.832214	340.9582	155.61328	265.3672	291.1081	308.3164	325.59442	193.50781	223.3993	342.66248	272.62363	0.0	300.46967	326.08243	295.98505	326.8904	333.88458	326.8904	121.5081	131.73946	121.61939	294.42578	131.73946	196.46164	117.62996	339.54224	327.43893	325.8543	358.66647	374.5311	183.91939	143.93233	323.51883	371.775	116.47152	107.81795	214.74515	203.60869	376.31262	150.44322	121.864204	108.06157	333.10406	239.03938	426.6204	296.9256	355.4831	287.47778	251.4571	364.1095	132.07574	142.3622	149.47511	359.4303	352.78342	251.81241	308.2621	248.29784	326.545	287.82224	285.94937	476.09198	137.61273	246.09505	118.983635	282.38638	333.9324	227.2137	139.87117	109.548904	102.00708	270.16452	257.34662	239.0108	343.51505	187.60825	296.5362	325.4995	288.5579	297.1688	120.34524	249.25372	105.83993	213.39452
G001875255	160.77159	320.40582	164.04053	218.0048	321.30682	133.14577	359.89517	283.84756	102.7399	123.91858	102.67573	164.97908	209.17796	167.76585	236.07463	142.0799	102.9393	134.2444	300.46967	0.0	94.530174	189.99373	189.56703	126.641624	189.56703	370.43423	268.43637	341.6712	165.27754	268.43637	234.99202	244.49498	94.598915	181.4239	167.82686	110.84035	142.34668	265.54797	182.58028	125.6811	185.74342	322.02267	400.77866	344.10678	553.1137	146.57664	179.52454	342.65237	360.23886	134.85136	175.52055	231.57288	176.28069	108.83502	113.18412	173.75436	143.46143	232.5521	208.71777	223.84346	171.71344	142.79187	391.9754	209.1623	173.11871	95.28203	115.57884	162.1728	367.11072	356.6946	174.39793	245.10458	70.24558	126.59926	150.22896	138.21669	330.77426	368.90747	101.697975	173.72617	117.499916	128.89554	178.03558	218.78546	94.293396	175.76039	220.19276	241.22867	173.47003	249.87117	140.34813
G001303705	124.51233	293.27902	76.981	203.68561	355.72266	142.12555	356.55563	273.8644	119.122986	128.99959	126.21105	231.422	175.26805	141.54619	247.75285	193.5428	118.746796	142.36403	326.08243	94.530174	0.0	171.13731	164.0334	176.92052	164.0334	395.1136	248.19164	324.64865	233.01596	248.19164	243.86902	259.0154	39.76048	158.28435	141.60945	117.63927	195.82806	273.65063	236.54094	143.50429	78.60197	355.99222	426.12067	380.91888	539.09015	74.491455	234.83916	325.6101	378.89618	46.663204	219.13408	156.83508	203.80287	115.47894	163.21541	218.9709	88.85544	233.31052	175.78542	253.53107	64.80992	93.06745	403.7719	175.26492	217.76308	0.27080175	166.58551	227.70062	246.4231	352.30463	219.41872	221.02223	115.495995	176.94354	114.466225	148.57791	300.82242	380.86044	55.196075	220.09792	133.50238	199.50873	164.44023	185.67621	0.114311054	202.98595	186.93977	217.39554	218.34018	260.9209	113.5428
G001462255	93.277626	247.9235	141.21318	92.45547	294.78473	118.07775	220.11234	213.78369	150.74158	121.945724	77.07679	81.96271	102.91689	96.89579	103.5408	79.68738	151.23723	117.07035	295.98505	189.99373	171.13731	0.0	97.56362	101.50593	97.56362	329.65427	172.48537	261.92267	82.7742	172.48537	94.00084	177.36633	211.5881	101.23853	96.899185	180.40584	146.50414	132.92154	197.46774	86.58344	122.11528	295.04153	353.03052	162.04877	433.264	142.99048	198.42264	262.48712	316.34714	100.5402	81.51389	198.62549	46.14898	179.28595	71.139084	80.70287	115.25688	205.1615	162.94691	122.29694	118.31647	92.33208	157.33644	102.93702	80.07003	171.02945	72.11495	80.59223	253.79228	217.51726	82.04677	191.95012	156.33725	101.385574	119.87973	146.86684	256.52768	302.44724	193.31294	80.19298	74.04196	129.93112	110.59594	106.92306	171.79333	46.320133	107.802536	188.95944	80.30551	172.28668	118.0138
G001462315	13.379042	243.42432	133.9385	48.72709	322.89038	20.11668	259.67755	221.33704	212.78905	107.770615	97.492516	184.77101	8.252792	3.998325	109.84738	126.30105	212.87292	20.168787	326.8904	189.56703	164.0334	97.56362	0.0	207.30168	0.0	359.1431	134.54759	252.55852	187.80959	134.54759	102.703926	187.91287	218.56111	1.1434062	4.024942	244.30669	240.09056	127.66436	248.1841	148.79399	156.95338	322.92004	403.4995	263.12543	470.2301	193.43912	248.61227	253.29077	343.0543	94.57938	158.82747	282.33484	119.48836	241.61586	156.5597	162.1485	132.8868	204.57115	128.02417	160.533	108.59512	146.05069	244.32857	8.254923	160.53833	166.74393	158.85873	181.0118	343.16425	255.52348	161.95032	169.64429	183.1892	207.07109	62.340603	132.29979	253.62273	345.20782	121.03932	164.71535	79.08251	236.04541	57.460693	11.071337	165.42244	116.58019	11.511343	166.7208	161.201	196.02538	69.581696
G001799575	186.91362	309.05948	171.43472	189.40804	302.8603	187.12517	287.179	268.5516	49.121613	175.42587	63.177017	34.209126	227.87418	195.94339	185.50558	77.73406	49.361065	187.03674	333.88458	126.641624	176.92052	101.50593	207.30168	0.0	207.30168	344.50302	262.97226	322.74362	33.42874	262.97226	179.75945	221.28474	179.54427	207.33214	196.02774	89.8206	27.402636	220.78705	219.7077	37.758106	149.61401	303.3518	365.2153	202.46507	484.93048	111.741646	219.91226	323.41016	334.8414	140.05353	73.87698	147.76807	68.182884	89.67962	13.8529215	68.07652	126.20304	225.79971	249.96486	157.3275	172.66776	82.08876	236.41212	227.88962	69.09208	176.74736	13.803623	34.29488	278.27377	285.69373	70.52137	257.4031	76.69584	0.009211463	210.41934	177.74997	319.59976	336.92072	240.59001	64.999245	98.89278	16.505732	200.57652	235.77962	176.75282	70.272026	237.73558	252.95454	68.866844	221.20424	193.12648
G001603925	13.379042	243.42432	133.9385	48.72709	322.89038	20.11668	259.67755	221.33704	212.78905	107.770615	97.492516	184.77101	8.252792	3.998325	109.84738	126.30105	212.87292	20.168787	326.8904	189.56703	164.0334	97.56362	0.0	207.30168	0.0	359.1431	134.54759	252.55852	187.80959	134.54759	102.703926	187.91287	218.56111	1.1434062	4.024942	244.30669	240.09056	127.66436	248.1841	148.79399	156.95338	322.92004	403.4995	263.12543	470.2301	193.43912	248.61227	253.29077	343.0543	94.57938	158.82747	282.33484	119.48836	241.61586	156.5597	162.1485	132.8868	204.57115	128.02417	160.533	108.59512	146.05069	244.32857	8.254923	160.53833	166.74393	158.85873	181.0118	343.16425	255.52348	161.95032	169.64429	183.1892	207.07109	62.340603	132.29979	253.62273	345.20782	121.03932	164.71535	79.08251	236.04541	57.460693	11.071337	165.42244	116.58019	11.511343	166.7208	161.201	196.02538	69.581696
G002010655	370.10162	124.96797	428.00052	276.72324	11.126269	323.04037	85.71073	99.607704	363.78494	209.49036	281.97125	290.0885	334.97424	359.90677	184.03967	220.37805	364.3486	316.63867	121.5081	370.43423	395.1136	329.65427	359.1431	344.50302	359.1431	0.0	148.45541	92.29958	293.72107	148.45541	186.5559	130.43123	397.97028	363.24518	360.27203	393.66217	399.41382	176.4182	217.20912	347.47894	406.71173	10.929769	21.07743	171.21872	117.78947	414.6536	225.46358	92.22211	2.5810623	379.72925	219.84055	449.72845	300.13278	391.38577	301.8142	232.0366	409.93976	120.5126	178.81038	127.23153	400.07935	374.5111	186.81754	334.93347	229.82253	396.344	300.86288	284.55472	492.6237	86.83485	226.25975	120.85198	318.38232	344.33984	292.1305	172.10577	128.67683	52.405865	358.05423	238.0257	255.16992	358.50583	218.64064	322.5093	394.7318	290.78632	323.1889	120.826004	230.44733	82.999535	268.90625
G001603875	162.42577	56.217525	252.0545	112.25476	134.47964	120.02625	83.61574	50.812363	273.67316	82.81893	157.2504	208.73338	111.18554	146.32266	70.2081	129.10144	274.83316	115.00366	131.73946	268.43637	248.19164	172.48537	134.54759	262.97226	134.54759	148.45541	0.0	59.914497	213.26553	0.0	70.167336	64.0409	286.6463	136.71661	146.57242	314.64438	316.05844	60.743874	180.30313	221.53279	255.85478	134.34026	162.69225	147.2171	208.13629	290.4217	186.13358	60.17039	129.70409	204.32655	144.25319	355.99796	175.80098	311.46472	203.495	156.58313	247.86545	72.04483	48.947075	68.309555	219.28188	247.82857	152.10205	111.14792	153.57414	250.55765	204.18494	203.14536	402.7538	81.10825	151.94786	43.966125	214.87964	262.75635	93.66046	68.970825	58.995457	124.94859	185.26823	163.46777	115.628204	286.4035	45.429153	99.73572	249.19637	167.31357	99.6795	44.180603	154.49907	58.573364	86.707664
G000402415	275.01172	15.879656	339.52277	198.84154	103.19773	223.94989	45.316208	16.841806	320.7719	144.60226	228.65555	271.14703	224.39293	260.25656	120.61045	173.0366	321.8059	217.17966	121.61939	341.6712	324.64865	261.92267	252.55852	322.74362	252.55852	92.29958	59.914497	0.0	275.4135	59.914497	122.3123	54.273247	352.84103	255.71764	260.5338	369.57108	378.2868	111.50994	220.47952	299.1289	331.13312	103.042625	116.054115	176.7497	117.860146	356.03668	228.69524	0.012084669	76.35896	292.12607	189.81113	406.10773	242.0651	366.6591	269.9041	204.81964	331.82013	32.93468	72.82244	73.85549	307.62	316.0439	173.8339	224.34416	201.27777	326.5672	270.2449	265.40533	445.8028	43.755413	198.95314	29.060627	262.11057	322.53546	167.74243	99.95558	18.781404	80.752	273.4466	213.11142	185.25023	346.28946	122.05593	208.80809	325.00693	231.72386	208.70634	29.943182	202.37294	40.59693	152.90013
G001799915	180.96161	269.1099	206.71965	159.6494	253.24294	174.21492	218.77124	223.52893	91.40247	153.21257	67.25217	0.12777568	199.22417	185.69864	120.6168	38.085274	92.18039	173.20213	294.42578	165.27754	233.01596	82.7742	187.80959	33.42874	187.80959	293.72107	213.26553	275.4135	0.0	213.26553	115.145065	167.07835	251.14845	190.15279	185.78119	168.40306	72.71253	151.44476	195.20638	54.241425	193.02422	253.72972	313.9739	116.57719	418.40305	175.24094	196.53618	275.96295	285.6441	171.48793	29.208017	215.64433	34.071777	167.82594	14.99329	26.113392	156.9087	192.11722	219.50232	95.65088	202.32628	135.51381	149.32211	199.22762	26.683678	233.46257	14.326856	0.35626805	332.286	217.74518	27.368454	220.87576	108.241135	33.299515	196.58055	147.88087	279.53018	286.91226	266.75998	24.512445	70.56727	32.866444	167.4582	203.43701	233.16708	34.20833	205.10503	217.1437	26.515846	165.54932	178.3225
G001462345	162.42577	56.217525	252.0545	112.25476	134.47964	120.02625	83.61574	50.812363	273.67316	82.81893	157.2504	208.73338	111.18554	146.32266	70.2081	129.10144	274.83316	115.00366	131.73946	268.43637	248.19164	172.48537	134.54759	262.97226	134.54759	148.45541	0.0	59.914497	213.26553	0.0	70.167336	64.0409	286.6463	136.71661	146.57242	314.64438	316.05844	60.743874	180.30313	221.53279	255.85478	134.34026	162.69225	147.2171	208.13629	290.4217	186.13358	60.17039	129.70409	204.32655	144.25319	355.99796	175.80098	311.46472	203.495	156.58313	247.86545	72.04483	48.947075	68.309555	219.28188	247.82857	152.10205	111.14792	153.57414	250.55765	204.18494	203.14536	402.7538	81.10825	151.94786	43.966125	214.87964	262.75635	93.66046	68.970825	58.995457	124.94859	185.26823	163.46777	115.628204	286.4035	45.429153	99.73572	249.19637	167.31357	99.6795	44.180603	154.49907	58.573364	86.707664
G001462225	126.55149	127.51895	224.83583	51.65135	163.27052	103.977325	104.398315	95.85379	209.03041	84.08033	95.64214	111.81997	86.12192	112.161896	1.6282843	68.87148	209.7825	100.180176	196.46164	234.99202	243.86902	94.00084	102.703926	179.75945	102.703926	186.5559	70.167336	122.3123	115.145065	70.167336	0.0	64.976166	279.74777	106.61403	112.316986	277.10507	242.7954	9.331783	156.26419	147.06445	225.52109	163.37415	213.88887	99.43331	267.54117	253.99904	159.97069	122.67275	174.7132	178.16904	72.97498	314.76782	84.99015	274.93448	122.395744	79.91909	204.23337	102.46463	93.42329	43.241623	195.9999	195.49452	82.89504	86.11213	78.183205	245.5317	122.276146	108.6145	374.3225	102.277145	77.51238	88.39184	179.74706	179.49828	107.253944	78.280464	134.12154	174.58063	208.47717	83.84461	69.61913	198.68048	47.947453	79.28497	244.70317	78.84764	79.53197	86.88179	78.74467	75.84111	97.898445
G000146065	205.15868	56.5591	273.24734	144.91551	119.76471	156.81711	67.82213	37.45735	231.43196	91.80808	151.30743	163.73785	167.93909	191.67844	63.03517	91.331436	232.52614	151.63843	117.62996	244.49498	259.0154	177.36633	187.91287	221.28474	187.91287	130.43123	64.0409	54.273247	167.07835	64.0409	64.976166	0.0	289.29727	188.5416	191.87991	297.86362	278.94794	63.1855	146.99007	203.45593	267.81845	120.42003	151.99623	126.7788	196.83235	287.61697	153.20027	54.57194	115.17829	222.12837	103.478004	344.15894	146.71097	295.25427	168.00098	114.23923	255.84277	31.652685	68.31442	35.21171	241.37178	248.9621	140.23149	167.9029	111.47637	260.6726	168.36234	159.64423	404.55054	66.03148	110.083916	42.56302	185.37045	221.12558	121.96742	57.616512	62.521675	124.40051	213.47768	120.75431	109.245674	233.0732	83.930916	158.4512	259.36197	138.7305	158.6441	42.577324	112.41351	33.753956	107.015594
G001780795	180.47404	325.17365	148.19446	227.9834	361.32617	189.0229	381.41406	302.7975	121.138306	163.88629	140.8032	249.974	229.44058	192.4608	281.89215	218.0541	120.392715	188.92389	339.54224	94.598915	39.76048	211.5881	218.56111	179.54427	218.56111	397.97028	286.6463	352.84103	251.14845	286.6463	279.74777	289.29727	0.0	212.54117	192.5651	83.19465	212.13841	310.6994	222.80608	156.44237	135.85062	361.41202	420.3552	398.21426	553.08167	115.90357	220.09547	353.68042	384.49326	102.16414	242.5428	192.46257	239.03961	81.492455	173.18092	241.60155	155.2702	262.1329	228.70467	277.94965	127.73344	107.94438	424.08392	229.43768	240.8299	39.614277	175.50208	245.9881	304.65393	377.97244	241.87126	259.18808	112.62067	179.45305	169.62291	184.19316	332.3691	385.23706	106.40278	241.89125	171.45071	205.31946	206.98734	238.7089	39.469437	238.35109	240.26302	255.76817	241.19075	289.5178	165.03426
G900142545	14.262879	244.8168	131.0051	51.75294	326.17572	16.156301	265.38382	223.51607	210.457	106.01201	97.78753	187.17215	8.92446	3.2843397	113.524284	128.23035	210.52602	16.34712	327.43893	181.4239	158.28435	101.23853	1.1434062	207.33214	1.1434062	363.24518	136.71661	255.71764	190.15279	136.71661	106.61403	188.5416	212.54117	0.0	3.3026683	242.3766	239.30324	131.434	244.86049	148.304	156.03108	326.27747	407.81396	270.0835	474.47903	191.47054	245.28796	256.47946	346.7442	91.94661	161.35213	282.6867	123.03475	239.61002	156.46596	164.56982	130.33427	204.33609	127.69324	164.16878	106.24239	146.36987	253.28804	8.925938	162.92677	161.0999	158.86104	183.3563	345.89395	261.08963	164.381	170.4992	178.17902	207.11551	59.75593	130.81287	255.23334	349.03262	113.91756	167.17726	79.62833	235.45193	57.587437	12.166244	159.6907	120.16548	12.655442	167.56973	163.6145	198.83333	67.19687
G001603905	8.598029	250.88077	119.67151	51.939617	323.4202	17.859486	270.0973	227.44073	197.7663	105.41934	90.34771	183.02768	13.501819	0.0021124966	119.54797	125.97443	197.69012	18.294426	325.8543	167.82686	141.60945	96.899185	4.024942	196.02774	4.024942	360.27203	146.57242	260.5338	185.78119	146.57242	112.316986	191.87991	192.5651	3.3026683	0.0	221.65591	225.90935	140.01111	238.38351	140.31654	141.2086	323.52707	404.99	274.98343	478.29987	174.35194	238.34789	261.30078	344.88696	80.09058	159.58809	264.5012	120.05739	219.04552	149.40526	162.14613	120.60641	205.99634	131.60005	167.29749	94.89004	130.81764	258.61694	13.507004	160.6572	144.29387	151.78123	179.33905	327.71512	265.97607	162.15285	173.81303	170.16284	195.81435	62.19363	132.03862	261.26816	349.04404	105.8381	164.29071	78.303314	224.9503	62.298607	18.000767	143.0135	117.65857	18.696665	170.88358	161.3116	201.47273	69.33228
G001799925	203.84906	352.0285	167.70834	240.41035	358.17856	217.93785	367.48648	319.79602	81.48856	209.4068	105.1859	168.47113	266.07944	221.56696	281.02722	178.52876	81.20618	218.64314	358.66647	110.84035	117.63927	180.40584	244.30669	89.8206	244.30669	393.66217	314.64438	369.57108	168.40306	314.64438	277.10507	297.86362	83.19465	242.3766	221.65591	0.0	94.23416	312.8101	253.29697	96.140816	137.74796	358.2503	410.8456	335.62784	539.7342	84.022224	251.33432	370.2706	382.57858	134.84631	197.97578	123.3	186.06459	0.20467693	109.69271	192.9058	142.80884	283.86685	283.96585	256.58408	169.66933	72.53007	366.93976	266.10526	193.50645	116.22799	110.91773	166.66676	258.03564	365.7013	195.0739	299.19705	96.94354	89.84141	236.46098	229.17798	360.26834	387.34708	204.03708	190.23415	168.19203	108.660866	245.51561	277.74246	117.02458	188.18419	279.7721	295.7798	193.44878	289.99792	225.35683
G001799795	209.86334	361.44727	164.99437	251.07394	356.91336	216.54874	346.44586	322.1061	65.26479	221.65285	97.34178	73.92506	271.72223	225.87688	247.92905	123.77214	65.40606	217.82898	374.5311	142.34668	195.82806	146.50414	240.09056	27.402636	240.09056	399.41382	316.05844	378.2868	72.71253	316.05844	242.7954	278.94794	212.13841	239.30324	225.90935	94.23416	0.0	281.9569	275.64514	50.949112	153.72438	357.823	419.48132	257.36136	537.70197	101.65311	276.3401	379.0104	389.01688	157.342	129.95143	123.45193	106.15219	94.2561	50.056984	123.20762	116.6144	282.58218	295.52267	216.54973	189.58513	99.672874	304.4759	271.74014	124.44136	195.597	50.489285	74.54592	260.9	344.84937	126.25068	310.13403	93.80196	27.583618	249.70709	231.28287	372.0511	396.46158	269.00046	119.74478	138.08797	30.310623	254.44193	280.65054	195.5994	109.8166	283.0327	305.51617	124.24418	277.75613	234.09741
G001462235	156.16135	117.7998	258.07898	73.00505	154.48035	122.18794	102.66123	86.89025	247.22124	94.77141	123.8758	147.59718	106.10087	139.82207	7.0162168	97.35166	248.16063	117.96213	183.91939	265.54797	273.65063	132.92154	127.66436	220.78705	127.66436	176.4182	60.743874	111.50994	151.44476	60.743874	9.331783	63.1855	310.6994	131.434	140.01111	312.8101	281.9569	0.0	164.9889	181.32727	262.82355	154.5545	198.29283	109.82073	249.09987	291.58783	169.71974	111.79636	163.41597	212.53261	102.22962	353.29202	123.04042	310.2585	160.48691	110.9465	239.13045	105.31487	95.23119	54.1665	230.04948	235.70941	96.20593	106.08307	108.93402	275.53195	160.37665	143.8468	408.43875	100.59051	107.8024	86.629005	206.78021	220.56517	123.86389	85.362404	122.88862	165.0368	226.03261	115.72095	95.25038	238.55656	55.18328	96.6514	274.43628	115.83114	96.8415	85.82281	109.58626	77.54533	114.04214
G000980745	244.55786	203.99614	307.04193	205.29366	181.52583	200.20435	227.63478	175.72562	236.2726	122.351944	159.53018	192.89017	235.82779	238.25137	151.18976	165.98398	237.74117	197.15228	143.93233	182.58028	236.54094	197.46774	248.1841	219.7077	248.1841	217.20912	180.30313	220.47952	195.20638	180.30313	156.26419	146.99007	222.80608	244.86049	238.38351	253.29697	275.64514	164.9889	0.0	205.91948	300.00412	182.75197	212.23096	217.7768	351.40424	296.98962	1.0399061	220.85266	207.93654	250.52788	170.44693	358.3616	211.74489	250.57661	177.85033	175.86256	283.2021	173.3673	174.01288	155.49686	282.92746	260.47324	261.68176	235.79341	173.979	237.07608	177.99373	188.71356	441.189	225.93283	172.49052	172.59569	187.95811	219.684	186.78928	120.69321	206.90749	183.12033	202.625	178.91884	168.08698	231.0277	152.27805	233.01537	236.7081	206.13069	233.76378	173.33372	174.51286	164.71504	173.7667
G001800015	133.06845	284.71368	121.602455	141.65074	307.6145	137.79549	277.7864	246.1031	51.362885	146.07924	35.409992	53.826214	167.15886	140.26965	149.82607	80.54896	51.48863	138.03568	323.51883	125.6811	143.50429	86.58344	148.79399	37.758106	148.79399	347.47894	221.53279	299.1289	54.241425	221.53279	147.06445	203.45593	156.44237	148.304	140.31654	96.140816	50.949112	181.32727	205.91948	0.0	107.99311	308.11777	368.89297	202.1	471.67526	92.63637	205.78215	299.78574	334.78302	94.22666	79.372154	130.26744	62.610878	95.47527	31.45463	75.45556	86.28312	213.89676	212.0196	148.94748	119.62353	69.542244	231.1422	167.1733	75.90625	144.28471	31.992264	53.237503	248.8722	275.56793	77.35484	230.00288	72.02346	37.839176	160.03815	157.31628	294.36786	338.5908	195.45058	73.538536	69.973076	47.032913	151.5655	174.21454	143.88412	64.05329	175.9929	226.25066	75.82168	215.03644	148.53223
G001918595	121.87112	309.2919	34.58478	186.15837	375.97363	168.23991	331.00818	288.55316	127.630806	184.37299	121.19762	191.95506	172.48575	141.18362	234.1958	179.26434	126.59752	168.61153	371.775	185.74342	78.60197	122.11528	156.95338	149.61401	156.95338	406.71173	255.85478	331.13312	193.02422	255.85478	225.52109	267.81845	135.85062	156.03108	141.2086	137.74796	153.72438	262.82355	300.00412	107.99311	0.0	376.2183	441.36145	318.83438	509.8171	27.456324	300.0544	331.85864	390.38058	20.186655	194.97006	60.691193	148.33888	136.79611	144.39105	192.94771	41.69243	257.22607	213.47472	237.8357	19.952261	51.40004	323.91354	172.50743	192.31483	78.43288	146.99832	189.91106	95.67888	327.63177	194.68105	247.66525	168.92523	149.71541	153.7323	203.74269	316.76767	399.83676	157.7207	192.73802	136.09071	181.75664	179.67876	182.20546	79.49173	150.44608	183.883	243.70737	192.67476	267.01175	154.07263
G002011615	331.7793	130.9294	392.61777	247.59831	0.14637303	283.87018	96.05307	100.88141	324.26605	175.02377	244.52437	250.25182	301.08743	323.15674	160.60336	188.80942	324.8914	277.96362	116.47152	322.02267	355.99222	295.04153	322.92004	303.3518	322.92004	10.929769	134.34026	103.042625	253.72972	134.34026	163.37415	120.42003	361.41202	326.27747	323.52707	358.2503	357.823	154.5545	182.75197	308.11777	376.2183	0.0	26.842842	156.92134	151.63213	379.38657	189.8342	103.03428	13.226168	344.18994	187.81435	421.21524	266.53354	355.748	260.85318	198.77742	371.64716	115.68281	160.86053	113.23333	366.33038	341.3332	182.01768	301.04343	196.81473	357.39047	260.06116	244.95714	473.70117	96.87116	193.39156	117.35321	279.84686	303.1824	259.6556	141.58589	134.97763	49.913544	315.4472	204.10526	217.93779	314.6207	190.683	290.8543	355.7433	257.64932	291.5148	117.23745	197.35577	76.45306	236.25652
G002011635	410.8951	137.53302	467.53247	315.3874	26.713633	364.80652	99.78116	115.48898	390.89734	233.49245	311.23297	310.30548	379.27274	404.6343	208.89288	249.4294	391.73776	358.1465	107.81795	400.77866	426.12067	353.03052	403.4995	365.2153	403.4995	21.07743	162.69225	116.054115	313.9739	162.69225	213.88887	151.99623	420.3552	407.81396	404.99	410.8456	419.48132	198.29283	212.23096	368.89297	441.36145	26.842842	0.0	166.72981	134.30368	443.91403	220.72195	115.907036	21.137592	417.65897	244.60997	474.51743	332.02753	408.3207	324.0706	256.88028	446.02286	151.70589	213.73491	150.38841	440.40524	409.0385	197.45454	379.22906	254.61902	426.6085	322.6399	304.8814	516.8766	101.14051	250.75986	150.08661	340.89966	365.04874	333.6714	201.67061	137.21503	46.183758	397.53683	262.24997	289.59232	374.80896	254.29767	366.4632	425.6776	322.81305	367.32797	151.463	255.19205	107.3466	309.22717
