	G900112615	G000814325	G001314545	G900114995	G001896965	G001601815	G000020625	G000375425	G000243115	G000016085	G001567405	G001623405	G000974785	G001438265	G000375465	G001898485	G900110645	G900110995	G000020645	G000275825	G000006985	G001975825	G900156765	G000511175	G900094705	G900102545	G000814475	G000024005	G000724545	G001975465	G001724695	G900129015	G900129295	G900115755	G001897525	G001899605	G001897535	G900089555	G900129315	G900106985	G000013045	G001650905	G000012585	G000759025	G001464625	G000373105	G900089545	G900089565	G000508085	G000515315	G900089575	G001654455	G000168715	G001439115	G900089525	G900110245	G000015125	G900101395	G900129465	G000419585	G000020545	G000024845	G001564065	G900109685	G001302245	G001898505	G900110835	G000374125	G001898405	G000020465	G900116565	G000379805	G900107765	G001829005	G900119105	G000212735	G900142605	G001715195	G001644645	G000020505	G001829035	G000246855	G000374045
G900112615	0.0	19.405287	165.90135	28.498417	72.20607	41.35709	200.99803	64.5756	50.29516	254.45866	45.431736	90.953766	92.1874	59.762478	72.18188	38.00833	167.086	2.882914	159.47455	167.49942	338.90808	10.302655	27.093742	35.478542	56.17354	22.534813	58.121006	24.899836	106.40258	203.353	92.728455	108.345345	14.947631	67.024055	16.477274	24.840448	132.40953	90.281746	96.79892	36.669495	382.0255	68.843056	133.14136	126.49788	44.9684	150.46877	91.059135	89.362816	36.703896	39.52161	91.34225	36.843864	209.87997	56.23325	87.486984	31.058743	179.14552	68.5316	27.560963	357.89496	177.81572	348.793	62.105473	60.68387	21.337112	108.35874	37.095066	84.95687	24.232162	242.71602	64.271835	62.8067	27.466043	86.74278	12.358838	129.9408	47.128746	94.836	22.934832	325.83127	86.94195	35.585594	52.22839
G000814325	19.405287	0.0	108.686356	30.782667	49.99559	25.624826	127.88438	31.57703	33.528847	166.1217	25.484386	98.55576	51.741283	31.453999	57.100914	22.574152	109.14072	24.033194	90.44604	118.95898	239.99236	13.661944	41.192005	36.419437	42.696487	24.014776	25.494032	27.204214	106.70594	128.14384	51.655037	66.80459	19.64656	67.927	16.12388	32.40341	123.17241	99.752754	53.66788	15.9684925	292.20822	59.59417	84.623085	76.72088	50.149708	95.8101	99.53863	97.04225	35.945454	17.680841	99.45731	33.991497	134.31664	29.29103	95.1111	21.19967	108.70143	48.348877	23.50193	272.93732	111.93379	268.92807	35.46256	62.570896	31.708393	65.21201	32.60559	55.9779	9.514133	162.60019	31.800348	33.322186	26.654606	90.22525	13.6952095	73.04236	35.440292	52.793762	24.97359	229.4057	90.44143	24.56193	60.888172
G001314545	165.90135	108.686356	0.0	89.846924	171.54677	103.00193	44.3031	101.33983	109.44173	48.109283	124.620834	306.0748	32.89268	46.810165	183.19746	75.9493	25.257412	156.01251	50.10447	172.95084	78.4203	114.6355	161.94098	208.3454	89.03682	93.54164	48.07092	90.24777	306.31122	46.4696	40.484062	60.58557	194.44128	254.25554	129.87592	203.93607	312.8582	312.6666	32.276157	86.46017	117.940895	213.54958	142.35013	25.403728	243.29662	24.238482	312.37567	305.2302	206.41115	83.22945	311.69205	131.69717	46.373535	49.422417	303.81015	107.08084	52.80212	77.79875	99.04813	104.02724	46.54944	94.50429	103.57863	122.250755	146.48679	37.402447	78.25684	62.431873	109.76805	48.92908	70.164474	84.59861	138.23015	308.63867	106.90636	74.30828	64.69806	73.30878	169.0605	72.26189	309.02716	107.169044	258.44614
G900114995	28.498417	30.782667	89.846924	0.0	112.517845	46.78597	122.6591	68.936554	56.43558	165.41138	63.961563	175.62277	39.694363	26.464735	107.59765	23.573261	94.77672	19.309475	107.02528	171.06387	235.38954	12.335444	44.975525	91.747826	41.461876	2.5290823	26.89455	0.8019162	185.58444	132.92857	48.203506	69.05046	59.485893	130.9883	34.25662	73.983055	212.26535	177.38756	57.47935	28.721163	281.8627	116.08025	137.3189	71.102936	113.11709	84.53815	178.46625	173.60059	92.178246	28.710667	178.18951	49.324535	136.71233	25.215311	172.82419	36.638	119.4528	47.555347	14.213276	256.06274	108.76237	241.58159	68.781334	46.37828	30.560211	51.841988	13.780363	53.170124	27.355434	157.32022	52.011627	55.310883	51.277615	172.73363	10.354839	109.594925	19.827448	78.29979	55.2224	224.64734	173.05923	40.154293	123.6734
G001896965	72.20607	49.99559	171.54677	112.517845	0.0	52.20954	191.04211	58.091034	33.23863	232.48543	57.3201	45.572956	118.07	102.527695	78.95794	64.42684	171.17662	87.98122	133.9362	109.43906	290.68054	75.40917	79.24816	38.83204	79.73734	104.373566	86.0583	104.969986	69.71604	183.05862	90.8102	108.171974	52.13716	31.87536	47.66948	33.179615	53.153915	46.480663	101.20777	55.28739	341.21902	68.47052	78.131355	129.24364	30.551376	154.99936	45.247517	44.65571	37.66249	59.15561	44.671654	47.213272	190.13145	100.041145	42.184093	46.917004	149.70189	76.95294	91.397255	314.12823	172.74799	324.00192	56.567635	115.4591	74.0895	138.03224	91.45972	85.374794	52.22537	215.61926	64.76646	67.56696	43.1152	61.69753	77.54711	72.53369	92.566086	82.77101	53.704575	281.7784	61.681835	47.608486	31.365906
G001601815	41.35709	25.624826	103.00193	46.78597	52.20954	0.0	151.65353	65.960556	15.678678	185.6103	64.65701	96.39179	44.830452	42.829037	111.50374	17.505157	113.0698	44.67381	114.44951	133.1972	250.88422	36.791954	30.897243	54.12299	23.55873	40.68811	32.425728	42.38769	146.61595	148.3761	46.70888	45.58164	43.63087	67.004456	25.975473	41.118435	141.5826	100.92979	62.0304	19.713833	292.0923	113.12698	108.5602	74.28814	68.36761	97.55771	100.90666	96.0189	55.253006	20.410278	100.30356	16.595995	154.5074	41.528217	97.222374	12.7409115	127.32636	21.420103	28.526726	263.41592	135.85254	250.94092	71.88477	36.705303	28.475054	74.45093	23.297482	30.960766	19.162994	170.53651	32.415646	58.522427	35.32344	120.19528	30.538078	72.35874	27.484344	87.2014	50.473553	242.46535	120.42371	12.546346	82.04226
G000020625	200.99803	127.88438	44.3031	122.6591	191.04211	151.65353	0.0	100.84923	147.75041	20.42801	129.46973	348.69098	66.23713	78.90344	186.55255	111.79482	43.278202	194.68663	14.466129	159.18826	49.684532	148.42084	222.31595	235.55237	150.4105	126.77109	72.718796	123.14638	301.90143	11.4596	64.04153	111.65459	220.83359	284.98697	159.0334	229.70613	327.66333	352.86032	48.237625	116.28177	126.759705	201.78113	135.2586	53.512318	264.37836	51.332092	352.0502	345.62448	230.96486	113.92474	350.74173	173.29958	11.849374	81.31682	342.71542	156.6859	9.656763	125.992966	140.31998	130.30162	5.914248	126.95196	99.69881	194.65451	194.00383	55.667637	130.5968	105.9252	129.5961	12.047936	103.19163	94.175674	168.86774	327.5842	143.77625	93.70959	119.07321	65.5647	191.47722	42.268665	327.89026	158.3385	270.7168
G000375425	64.5756	31.57703	101.33983	68.936554	58.091034	65.960556	100.84923	0.0	62.78051	143.63281	20.654673	138.94383	78.038826	60.056416	37.479706	59.98279	95.95538	72.07002	69.75739	96.82825	199.62424	51.242622	107.66222	64.96288	92.30221	66.56129	49.10964	65.32956	101.408424	99.89326	64.9708	105.71308	62.64718	119.408165	45.840614	76.98435	124.734985	138.73726	43.95043	48.775574	261.35245	30.339634	82.945656	78.15518	76.80908	87.39916	137.9079	135.75256	61.629887	50.958813	137.4423	76.88655	106.0168	58.18523	131.2133	61.92685	80.361465	81.43399	67.516975	258.56436	84.12452	261.4808	9.911268	128.19405	92.42103	75.384346	74.87853	78.834366	42.851826	131.82463	54.036575	29.144394	49.72689	108.374725	54.602825	57.006306	77.05732	16.832575	52.45239	188.20772	108.48992	67.46367	83.32248
G000243115	50.29516	33.528847	109.44173	56.43558	33.23863	15.678678	147.75041	62.78051	0.0	183.16093	66.41203	90.314285	53.905285	57.700935	112.68879	21.97909	113.84483	55.723866	109.23756	118.331825	240.16345	46.122704	43.235935	62.14129	26.064043	51.664837	41.926567	52.553154	132.2357	144.06865	43.512146	53.27716	50.37962	52.454002	25.346666	36.970272	127.722145	93.98477	56.96101	24.40165	278.4179	108.42583	97.49139	77.556046	63.55811	101.159195	93.71208	89.85763	62.417175	25.586342	93.354515	8.412502	148.9729	56.61787	90.662895	16.975641	120.3157	14.108077	36.80591	249.5979	134.48784	240.53896	68.5816	43.466064	38.64009	71.64062	31.514885	20.1463	21.777197	164.92	38.352367	61.519207	29.86126	117.8718	40.675858	68.74515	37.418575	84.64772	53.906414	232.65591	118.0092	15.618334	69.98515
G000016085	254.45866	166.1217	48.109283	165.41138	232.48543	185.6103	20.42801	143.63281	183.16093	0.0	174.87762	401.06958	82.14175	100.51481	238.24805	143.92316	47.831635	247.0586	28.482382	179.80112	46.83561	192.8493	262.18887	287.4869	174.40184	166.02885	98.98676	166.04338	366.07227	17.550907	89.69227	116.710075	270.4966	332.416	205.20422	282.26575	379.92307	407.67886	70.32224	152.46535	102.79644	265.198	159.61769	58.213306	319.81906	59.958694	406.17255	398.8616	282.8866	148.6762	404.84592	209.72543	16.246922	104.06885	396.97632	193.17775	30.951868	150.21088	174.77986	107.87988	27.082237	108.6485	142.95386	217.4289	237.08513	72.7315	164.51749	126.66043	170.21747	23.558401	126.59355	128.56795	215.26036	387.44852	185.18292	109.68524	145.2256	99.16308	240.28557	41.76548	387.81375	193.27179	331.50586
G001567405	45.431736	25.484386	124.620834	63.961563	57.3201	64.65701	129.46973	20.654673	66.41203	174.87762	0.0	109.66564	91.04625	55.55623	42.194828	58.721878	123.8996	55.193222	92.5659	112.83759	244.82698	37.879196	93.7197	44.40234	89.75883	59.002213	57.107964	58.656044	79.58966	129.31416	82.44106	118.04975	42.768642	100.14255	37.11975	57.304066	116.46823	108.411446	59.174316	50.05391	300.01807	36.461285	95.51089	93.46271	57.20245	112.5795	107.61255	107.36135	41.742584	53.440044	107.67165	73.32408	135.42964	52.75541	102.03573	59.785007	108.87148	92.20949	70.38815	297.68826	111.774155	300.1575	21.024897	126.92812	79.33799	84.55321	75.42529	95.126335	42.7659	167.64189	53.872578	34.537716	33.647007	83.95622	43.76117	74.20726	76.8738	37.80462	43.682068	232.21144	84.08252	66.4039	63.633392
G001623405	90.953766	98.55576	306.0748	175.62277	45.572956	96.39179	348.69098	138.94383	90.314285	401.06958	109.66564	0.0	223.76665	178.81638	121.43299	125.545845	314.36148	112.89832	269.8806	189.42236	482.5281	117.29026	93.47687	35.29691	137.45528	162.02943	177.08145	165.92253	67.66099	337.46603	196.28024	196.5195	64.378746	28.86456	84.09971	39.284737	51.288715	0.85979813	213.2613	113.116135	519.2966	111.10493	154.23413	247.09679	25.544111	289.37067	0.8423724	0.79200566	36.696625	118.76231	0.8016203	87.87228	346.73944	173.99066	1.5554556	89.61214	296.85107	152.13046	149.088	486.74466	324.1337	497.4055	132.96783	161.20528	96.88763	251.80269	154.09593	174.82101	106.03793	383.73776	134.36995	145.23213	78.09963	33.70589	124.0566	172.56992	161.29811	185.89479	77.61128	471.34045	33.683846	92.05277	32.26853
G000974785	92.1874	51.741283	32.89268	39.694363	118.07	44.830452	66.23713	78.038826	53.905285	82.14175	91.04625	223.76665	0.0	21.80675	156.8357	27.967161	45.766876	85.7838	58.659718	161.94313	133.84888	58.7064	87.129105	139.18483	39.465836	39.63785	9.367026	40.03862	249.69974	70.53856	15.834167	28.710344	111.833466	164.82336	68.657845	121.50808	247.58025	229.5617	32.20645	34.589657	185.69473	168.71536	124.278175	28.791998	165.66759	39.53998	229.48105	223.1403	138.85764	32.24933	228.46114	62.515923	73.31569	23.058567	223.1296	49.672714	66.109276	30.26121	36.01985	160.93916	60.96307	142.0841	84.712715	57.493584	68.62234	27.167885	26.839033	24.426746	42.613937	79.49423	33.70424	65.555405	86.43529	237.5427	48.465153	66.92286	24.278078	70.91585	108.0829	127.21972	237.87602	49.463028	181.4675
G001438265	59.762478	31.453999	46.810165	26.464735	102.527695	42.829037	78.90344	60.056416	57.700935	100.51481	55.55623	178.81638	21.80675	0.0	100.54261	22.493946	53.93729	54.267822	63.135235	135.02365	161.21216	30.039322	61.184887	95.54122	36.65711	23.178225	15.281196	24.870663	187.0345	84.37536	28.656729	36.165665	77.32319	141.00233	47.38279	93.201965	197.84454	183.2305	36.132328	24.682785	208.49585	126.467865	92.84216	29.812683	124.32024	45.760674	183.13258	177.87712	94.81995	23.691664	182.60255	63.10276	87.821434	0.16081528	176.90117	40.359043	77.47218	48.101295	31.039091	180.89955	71.84899	179.11491	61.94225	59.843513	53.09284	31.421307	26.306955	47.035286	35.711117	103.64662	28.505672	35.13279	63.44088	176.34535	26.867197	61.48292	18.908264	59.301533	66.438286	152.43	176.71555	42.988323	139.25726
G000375465	72.18188	57.100914	183.19746	107.59765	78.95794	111.50374	186.55255	37.479706	112.68879	238.24805	42.194828	121.43299	156.8357	100.54261	0.0	104.35201	165.16747	81.49867	142.2032	111.32192	296.8614	68.45464	113.650215	55.432034	133.41689	99.64804	106.94507	100.71353	58.30544	188.32706	132.49199	159.68974	62.020554	125.27582	66.0255	85.50956	93.33968	118.7038	111.849625	86.32972	349.89392	24.767565	86.34619	142.71448	65.79472	148.59467	118.158165	117.47982	51.91141	90.80081	117.87131	124.97283	195.41705	96.9414	111.824005	91.61111	162.9717	153.59999	111.04191	338.95364	168.71602	361.6362	36.9067	174.58885	118.3158	143.90048	125.595345	159.73131	84.14731	233.70557	111.28697	41.170685	71.9553	62.298004	79.87649	103.044876	121.23016	64.17071	36.61362	283.54462	62.44984	99.62333	66.228745
G001898485	38.00833	22.574152	75.9493	23.573261	64.42684	17.505157	111.79482	59.98279	21.97909	143.92316	58.721878	125.545845	27.967161	22.493946	104.35201	0.0	83.548164	36.372795	85.25419	122.120964	205.9439	23.058485	32.066692	70.62698	18.155582	20.084553	19.459375	21.753666	159.99745	113.68625	26.07367	34.50402	52.062206	84.99198	23.17183	50.851048	161.57657	129.48918	45.33091	11.746249	253.99734	114.24041	98.99756	51.028065	83.14396	73.64033	129.8823	124.85961	70.74743	11.426103	129.20575	22.625393	117.98819	21.80338	125.08794	14.782247	98.3844	20.105625	18.62023	222.11871	101.244865	211.01457	60.386684	31.439512	22.984198	47.230232	12.764048	25.073454	13.694978	134.55736	22.194433	44.941677	37.592438	142.61128	18.439571	66.231674	13.686331	68.95743	48.04801	197.58928	142.85278	15.808302	96.18907
G900110645	167.086	109.14072	25.257412	94.77672	171.17662	113.0698	43.278202	95.95538	113.84483	47.831635	123.8996	314.36148	45.766876	53.93729	165.16747	83.548164	0.0	156.41591	47.55224	132.97353	68.67026	116.07137	162.69879	208.00366	89.83953	95.94324	56.923027	94.57613	283.60367	48.809086	45.52458	63.02479	187.56398	260.10956	126.10396	206.69064	302.2991	319.86035	33.59079	94.43473	100.46492	199.74423	123.19244	18.293806	236.96698	4.551435	319.02008	312.22702	204.88124	91.74214	318.02115	140.98451	48.712826	56.28681	309.4532	114.64957	52.765232	89.181755	101.72015	95.441376	47.353832	87.34819	101.587036	130.06923	161.28229	31.490322	87.87914	73.86747	111.32047	54.314747	87.89222	62.913246	136.10469	295.07376	108.68159	66.22733	69.411285	75.16095	152.81276	63.685833	295.4535	114.45912	247.41501
G900110995	2.882914	24.033194	156.01251	19.309475	87.98122	44.67381	194.68663	72.07002	55.723866	247.0586	55.193222	112.89832	85.7838	54.267822	81.49867	36.372795	156.41591	0.0	158.6253	175.7024	330.8708	8.477184	25.460018	49.92047	52.276485	14.994698	55.56451	16.793854	127.99126	199.53825	88.75049	102.03929	24.06037	84.343056	20.576042	36.561543	157.17513	112.792885	94.746284	36.90075	371.64267	83.962006	140.75671	119.37155	62.656662	140.57983	113.86048	111.23392	51.248043	39.054592	114.107635	41.389053	205.34795	51.089478	109.860916	32.447094	177.83205	66.69819	22.041925	344.58185	173.18793	335.5115	69.38064	53.674347	20.50175	100.43111	30.231356	82.66582	27.112722	237.10107	67.48174	63.83499	34.316616	108.87751	9.846578	134.13052	39.407013	98.93946	28.771824	317.95425	109.124916	36.852318	70.708786
G000020645	159.47455	90.44604	50.10447	107.02528	133.9362	114.44951	14.466129	69.75739	109.23756	28.482382	92.5659	269.8806	58.659718	63.135235	142.2032	85.25419	47.55224	158.6253	0.0	116.96399	73.7394	116.86947	178.41391	176.90405	120.76236	107.08761	57.400433	105.814415	233.67003	8.843017	54.418663	88.22894	167.94572	217.16203	119.799675	172.69104	250.03441	273.81656	39.4143	87.111374	151.32259	154.80228	86.31647	44.568035	198.99702	51.82712	272.69254	267.3709	172.60927	85.88608	271.81177	131.48605	11.282333	64.61202	264.75327	119.957726	6.9378695	100.60298	114.595085	148.80135	13.255753	153.04216	66.65917	164.47552	154.26651	55.794983	110.05642	86.39577	95.65974	28.164848	74.3348	64.39688	126.823494	253.99962	114.125786	60.375248	98.089	42.036873	144.00996	65.823166	254.24487	121.49856	205.78612
G000275825	167.49942	118.95898	172.95084	171.06387	109.43906	133.1972	159.18826	96.82825	118.331825	179.80112	112.83759	189.42236	161.94313	135.02365	111.32192	122.120964	132.97353	175.7024	116.96399	0.0	222.53307	145.4318	169.24269	142.09879	137.87263	161.68158	141.6694	165.28743	136.63863	151.06456	138.75804	135.28368	144.50485	176.99335	114.741325	152.23668	160.95358	192.41753	107.433876	127.95598	259.69144	139.1254	103.823944	111.74558	146.29004	128.26855	190.2549	186.62405	137.68236	129.61548	189.32346	143.56046	155.706	134.01683	183.99326	132.82845	137.0539	144.67517	160.68227	253.78563	153.20334	272.98724	102.23982	187.89662	183.71715	128.83942	164.52211	143.06439	126.80346	186.87456	131.02907	69.78205	112.87439	156.89558	147.49	76.02008	148.80281	111.34545	109.12097	215.85608	157.00299	135.03267	146.60019
G000006985	338.90808	239.99236	78.4203	235.38954	290.68054	250.88422	49.684532	199.62424	240.16345	46.83561	244.82698	482.5281	133.84888	161.21216	296.8614	205.9439	68.67026	330.8708	73.7394	222.53307	0.0	267.38837	336.89594	371.47974	226.24463	239.38878	156.94225	235.84792	436.26013	57.863464	122.53214	164.78636	357.0209	409.95514	276.43927	366.1653	446.28036	489.60736	113.19175	214.54169	67.80116	333.43402	202.79709	100.36909	402.61932	80.63931	488.2191	480.57913	366.34235	210.68396	486.54782	285.16495	56.36956	165.86632	477.55206	254.40437	65.6328	211.34715	248.33063	68.69852	65.46133	71.854004	201.27448	286.96872	320.37354	111.15771	226.80583	179.81638	244.29526	38.501522	191.4944	177.09705	283.26828	466.32776	259.3702	144.73717	200.9505	149.70906	311.46814	2.056116	466.6664	251.9007	407.69043
G001975825	10.302655	13.661944	114.6355	12.335444	75.40917	36.791954	148.42084	51.242622	46.122704	192.8493	37.879196	117.29026	58.7064	30.039322	68.45464	23.058485	116.07137	8.477184	116.86947	145.4318	267.38837	0.0	30.476059	50.384693	39.049526	8.948829	33.641262	10.260226	123.83475	154.27853	60.26463	74.68638	26.261827	89.81648	17.34848	41.83494	151.40607	117.94999	66.0578	21.81169	312.12558	78.23344	111.54102	83.30465	65.43858	101.82627	118.652534	115.603836	50.43227	23.43447	118.54872	40.48531	159.77676	27.681906	113.860825	24.748613	135.77672	54.756084	17.24618	286.62207	131.30806	281.6443	50.878666	52.894814	22.433933	68.14737	23.006172	64.61717	18.60269	188.17589	43.950138	39.32116	31.246017	110.04178	1.8756208	94.05951	26.074371	71.22728	26.478851	255.83813	110.2905	29.383736	75.15607
G900156765	27.093742	41.192005	161.94098	44.975525	79.24816	30.897243	222.31595	107.66222	43.235935	262.18887	93.7197	93.47687	87.129105	61.184887	113.650215	32.066692	162.69879	25.460018	178.41391	169.24269	336.89594	30.476059	0.0	57.70705	29.946198	36.049778	65.79695	40.85413	143.9564	222.71399	85.21752	68.473854	36.2436	64.19913	30.698875	36.592724	142.49936	96.811584	114.87989	36.377594	371.15622	132.67828	122.32787	117.10729	67.114914	143.36136	98.11722	93.36069	60.249054	37.579323	97.548874	32.801968	228.72287	58.83601	94.87923	21.123337	199.94016	54.677456	31.623692	323.5915	204.54095	320.18408	107.937164	29.496105	15.603627	114.172516	33.30806	73.49908	35.88023	255.47226	66.24172	75.74907	49.113754	114.383224	28.207176	122.57551	34.71992	138.40987	34.017017	327.16696	114.67769	21.53652	77.5581
G000511175	35.478542	36.419437	208.3454	91.747826	38.83204	54.12299	235.55237	64.96288	62.14129	287.4869	44.40234	35.29691	139.18483	95.54122	55.432034	70.62698	208.00366	49.92047	176.90405	142.09879	371.47974	50.384693	57.70705	0.0	92.81658	82.212036	96.09023	83.94208	51.9668	232.89366	126.20522	138.00092	21.045778	42.317894	37.022602	23.306717	60.145077	34.622406	128.50168	57.498108	416.5185	47.38663	109.11469	159.0708	13.626781	188.70374	34.31245	33.882145	0.52166533	62.05508	33.96395	57.83897	241.40526	91.40792	31.399633	51.09258	200.79895	105.7042	80.407486	393.75754	212.3559	397.2991	60.761528	116.06817	56.377823	158.293	89.50212	121.82387	48.101547	278.32205	77.588486	69.7109	33.427628	24.303507	56.17949	115.1026	96.23714	100.86396	27.464869	358.41214	24.396059	56.08144	23.104372
G900094705	56.17354	42.696487	89.03682	41.461876	79.73734	23.55873	150.4105	92.30221	26.064043	174.40184	89.75883	137.45528	39.465836	36.65711	133.41689	18.155582	89.83953	52.276485	120.76236	137.87263	226.24463	39.049526	29.946198	92.81658	0.0	35.013157	36.381886	38.95306	185.49782	151.94336	38.250072	26.285429	66.8072	95.76584	36.865246	69.973495	181.26093	142.93976	64.20391	25.25193	255.8204	156.65115	113.38648	58.509087	106.37939	75.35062	143.52002	137.83418	93.90474	24.711824	142.771	31.718687	155.93864	36.40643	139.34277	19.362804	137.95766	23.754305	24.484194	210.6728	141.00554	205.21736	98.515434	20.465227	36.259476	55.083416	17.42559	29.942656	33.93424	170.24178	39.674797	60.07661	51.68251	163.16982	31.249899	72.324776	13.4786005	109.4886	62.94952	220.45349	163.48965	17.562593	117.73443
G900102545	22.534813	24.014776	93.54164	2.5290823	104.373566	40.68811	126.77109	66.56129	51.664837	166.02885	59.002213	162.02943	39.63785	23.178225	99.64804	20.084553	95.94324	14.994698	107.08761	161.68158	239.38878	8.948829	36.049778	82.212036	35.013157	0.0	24.381496	2.0714629	173.33676	135.28879	48.80467	62.75015	48.585285	117.64419	27.65737	64.25728	198.35872	163.97958	57.63375	24.110613	283.12582	111.098755	127.59711	68.86895	102.37385	85.06604	164.9806	160.23756	82.83422	24.307728	164.60855	43.646362	139.29063	21.781506	159.66849	30.650524	122.16323	44.66844	10.021425	255.98474	112.64352	243.40503	67.339645	39.264797	25.423248	51.45956	13.046557	51.99945	21.955515	162.12967	47.44521	50.47413	47.118656	159.15994	6.381737	105.38558	17.38232	79.08347	45.893356	228.8201	159.49496	33.685528	112.78428
G000814475	58.121006	25.494032	48.07092	26.89455	86.0583	32.425728	72.718796	49.10964	41.926567	98.98676	57.107964	177.08145	9.367026	15.281196	106.94507	19.459375	56.923027	55.56451	57.400433	141.6694	156.94225	33.641262	65.79695	96.09023	36.381886	24.381496	0.0	25.507025	190.99335	77.813324	17.397741	35.78136	70.92596	125.03325	42.36263	83.8007	194.03888	180.94162	30.060045	19.12504	211.73917	116.67031	99.10542	36.49884	118.065796	47.300533	180.73709	175.89354	95.7264	18.436033	179.81216	48.229046	82.072235	15.292434	174.39044	31.71189	66.38776	31.803543	23.694685	191.50899	62.730442	179.10886	54.99154	56.203476	48.3119	32.228188	22.568666	30.350534	22.542889	93.136925	26.91734	43.169125	60.78355	179.42017	27.384916	60.552578	22.110119	51.012	69.44339	148.4025	179.73083	33.137608	129.77869
G000024005	24.899836	27.204214	90.24777	0.8019162	104.969986	42.38769	123.14638	65.32956	52.553154	166.04338	58.656044	165.92253	40.03862	24.870663	100.71353	21.753666	94.57613	16.793854	105.814415	165.28743	235.84792	10.260226	40.85413	83.94208	38.95306	2.0714629	25.507025	0.0	175.03886	132.91786	47.006363	67.66089	53.664894	122.55528	30.295246	67.46299	201.62033	167.5071	55.847897	25.8516	281.73764	109.7011	130.67899	70.369545	104.81131	83.707466	168.5099	163.9168	84.38764	26.109621	168.23357	46.09643	136.85092	23.512056	162.89182	33.02865	118.31998	46.284557	13.700048	255.86314	108.85341	243.24951	64.89157	45.2917	28.235481	52.009636	12.972147	52.552185	24.714611	157.53621	49.6374	50.854996	46.588604	162.15256	8.608015	105.42159	18.801529	75.81955	49.394276	225.1375	162.4725	36.37971	114.63494
G000724545	106.40258	106.70594	306.31122	185.58444	69.71604	146.61595	301.90143	101.408424	132.2357	366.07227	79.58966	67.66099	249.69974	187.0345	58.30544	159.99745	283.60367	127.99126	233.67003	136.63863	436.26013	123.83475	143.9564	51.9668	185.49782	173.33676	190.99335	175.03886	0.0	300.95667	213.53204	234.94762	75.52279	93.7427	96.599106	76.543076	47.833298	63.228558	193.91891	140.57263	478.11398	53.804688	126.52315	238.1711	40.851265	263.06555	61.812317	64.62602	48.76002	147.94775	61.51484	141.24544	310.38538	181.6401	57.47028	134.07538	258.76636	202.2657	180.18672	467.84976	279.86575	490.6523	96.70534	230.09514	152.93306	236.62007	194.76888	217.1659	128.545	354.41306	168.15764	101.24604	87.64673	24.029997	138.45027	156.76526	195.06657	146.90959	63.78276	422.0768	23.948105	140.98676	32.771656
G001975465	203.353	128.14384	46.4696	132.92857	183.05862	148.3761	11.4596	99.89326	144.06865	17.550907	129.31416	337.46603	70.53856	84.37536	188.32706	113.68625	48.809086	199.53825	8.843017	151.06456	57.863464	154.27853	222.71399	232.89366	151.94336	135.28879	77.813324	132.91786	300.95667	0.0	71.41718	109.48036	220.54103	275.65576	158.20592	224.98438	315.87183	342.012	49.53875	121.54179	136.82834	201.72314	127.27949	53.321056	259.23907	57.656372	341.33524	334.79797	228.52872	119.143845	340.42667	167.48212	1.0951918	86.79548	332.58502	157.32864	9.0569315	122.28262	144.23724	139.67416	11.903151	138.537	96.28531	192.39748	196.36159	66.55787	135.05615	103.393	131.77727	15.701487	103.33106	97.6526	165.95863	323.234	149.179	90.85407	122.18094	61.39474	192.79243	50.422318	323.52805	157.98773	266.5492
G001724695	92.728455	51.655037	40.484062	48.203506	90.8102	46.70888	64.04153	64.9708	43.512146	89.69227	82.44106	196.28024	15.834167	28.656729	132.49199	26.07367	45.52458	88.75049	54.418663	138.75804	122.53214	60.26463	85.21752	126.20522	38.250072	48.80467	17.397741	47.006363	213.53204	71.41718	0.0	32.254955	108.56267	141.33333	64.603546	108.862724	208.89009	201.46277	33.913097	26.559654	176.9838	146.82413	96.208084	35.711895	142.74551	39.115093	201.52837	195.75537	125.02693	24.783054	200.2009	62.09994	74.27698	29.654078	194.67657	42.66341	58.420254	35.068848	43.015873	145.20389	60.08812	141.95483	71.98004	68.580605	69.00414	33.005863	32.423332	27.432268	40.228813	75.960106	33.1509	52.601654	82.01918	209.7722	54.013485	51.1572	30.64514	60.910007	93.9126	116.96405	210.05585	42.41149	155.4347
G900129015	108.345345	66.80459	60.58557	69.05046	108.171974	45.58164	111.65459	105.71308	53.27716	116.710075	118.04975	196.5195	28.710344	36.165665	159.68974	34.50402	63.02479	102.03929	88.22894	135.28368	164.78636	74.68638	68.473854	138.00092	26.285429	62.75015	35.78136	67.66089	234.94762	109.48036	32.254955	0.0	112.50947	145.7575	73.82886	120.45275	219.73734	204.80447	62.989742	40.557083	199.96466	194.29285	100.35143	35.884983	158.94623	51.225372	204.53065	197.16916	137.78638	38.201492	202.84363	65.80759	113.09437	37.453644	198.71742	44.069798	104.633766	36.90363	49.75446	155.8075	109.602516	155.60886	115.27624	47.003525	71.43912	50.424706	42.024136	35.710686	57.882133	124.47024	45.14655	66.32003	95.9875	219.22461	64.91204	55.972958	29.216398	108.948715	97.94269	159.56114	219.58734	41.46367	174.04279
G900129295	14.947631	19.64656	194.44128	59.485893	52.13716	43.63087	220.83359	62.64718	50.37962	270.4966	42.768642	64.378746	111.833466	77.32319	62.020554	52.062206	187.56398	24.06037	167.94572	144.50485	357.0209	26.261827	36.2436	21.045778	66.8072	48.585285	70.92596	53.664894	75.52279	220.54103	108.56267	112.50947	0.0	45.83072	18.326092	17.802113	97.10023	63.952415	112.80427	42.937664	402.1686	58.306786	117.54684	140.3193	26.25651	168.21358	63.696938	62.72359	21.593243	46.68887	63.54714	40.94917	228.72005	73.37195	60.762726	34.555126	192.55016	81.25175	45.828205	378.79752	197.32994	376.6642	66.542885	79.28536	35.821358	124.88193	62.996185	98.46913	27.395168	266.18073	72.10819	62.638687	28.079157	54.72518	28.548592	118.95064	70.25439	104.98453	15.240503	344.84085	54.867443	38.722454	30.946123
G900115755	67.024055	67.927	254.25554	130.9883	31.87536	67.004456	284.98697	119.408165	52.454002	332.416	100.14255	28.86456	164.82336	141.00233	125.27582	84.99198	260.10956	84.343056	217.16203	176.99335	409.95514	89.81648	64.19913	42.317894	95.76584	117.64419	125.03325	122.55528	93.7427	275.65576	141.33333	145.7575	45.83072	0.0	59.19461	18.497166	71.25618	29.620174	169.71986	77.45855	455.44827	110.26218	127.81994	200.67511	29.256342	239.75175	29.49753	29.131004	44.403233	81.86907	29.148281	48.21582	283.55716	137.3505	29.368029	58.041	237.86873	101.49173	101.567505	415.6656	262.86252	421.89563	117.81356	107.38422	64.703995	196.68686	109.66077	120.83345	64.92965	314.0014	100.38504	126.16548	60.20967	63.659985	90.80541	154.91997	118.16739	161.27461	62.33631	400.2281	63.691742	56.44383	31.41362
G001897525	16.477274	16.12388	129.87592	34.25662	47.66948	25.975473	159.0334	45.840614	25.346666	205.20422	37.11975	84.09971	68.657845	47.38279	66.0255	23.17183	126.10396	20.576042	119.799675	114.741325	276.43927	17.34848	30.698875	37.022602	36.865246	27.65737	42.36263	30.295246	96.599106	158.20592	64.603546	73.82886	18.326092	59.19461	0.0	24.700542	112.5504	85.03994	66.03722	23.420834	322.54828	67.41765	100.78128	86.82537	43.88535	111.4686	85.42178	82.371185	37.221703	25.511436	84.98709	21.274986	164.06718	44.827114	81.913155	20.289532	137.42361	40.462013	25.301382	299.59097	141.40707	292.30414	48.764618	51.213913	27.176908	78.34705	31.838263	51.360638	14.844788	193.32996	46.417725	41.001328	17.09648	83.81173	16.128197	85.0178	38.107563	74.62222	21.168076	265.28757	83.99151	23.214813	48.607815
G001899605	24.840448	32.40341	203.93607	73.983055	33.179615	41.118435	229.70613	76.98435	36.970272	282.26575	57.304066	39.284737	121.50808	93.201965	85.50956	50.851048	206.69064	36.561543	172.69104	152.23668	366.1653	41.83494	36.592724	23.306717	69.973495	64.25728	83.8007	67.46299	76.543076	224.98438	108.862724	120.45275	17.802113	18.497166	24.700542	0.0	78.769775	39.21288	121.04807	46.54969	413.85785	72.48644	111.032364	153.09207	17.966326	189.12628	39.559143	38.192715	24.484283	50.469112	39.523804	28.068272	232.27048	89.40507	37.9069	35.37839	191.87723	72.784584	59.506416	385.50388	205.81126	384.87424	75.7708	77.83656	32.7181	144.65721	67.07055	91.313416	32.119373	265.2292	70.75303	81.4099	31.56432	54.999332	44.104115	126.73555	76.68114	115.26729	30.768854	354.38727	55.078815	37.055317	22.329517
G001897535	132.40953	123.17241	312.8582	212.26535	53.153915	141.5826	327.66333	124.734985	127.722145	379.92307	116.46823	51.288715	247.58025	197.84454	93.33968	161.57657	302.2991	157.17513	250.03441	160.95358	446.28036	151.40607	142.49936	60.145077	181.26093	198.35872	194.03888	201.62033	47.833298	315.87183	208.89009	219.73734	97.10023	71.25618	112.5504	78.769775	0.0	49.63605	221.51167	142.66179	497.1758	86.35792	113.36388	246.37962	45.07301	278.3122	47.957687	49.58906	58.941425	149.0559	47.08838	139.56819	325.6671	193.50136	44.780968	131.43005	274.86465	198.52542	189.34999	467.06104	303.081	493.02188	120.10515	224.00958	150.33516	267.5665	199.4786	214.1281	135.53664	365.23483	163.4027	127.55501	114.69765	40.55508	161.15771	156.08353	199.21901	165.58832	85.33682	435.21857	40.49208	135.01736	42.34987
G900089555	90.281746	99.752754	312.6666	177.38756	46.480663	100.92979	352.86032	138.73726	93.98477	407.67886	108.411446	0.85979813	229.5617	183.2305	118.7038	129.48918	319.86035	112.792885	273.81656	192.41753	489.60736	117.94999	96.811584	34.622406	142.93976	163.97958	180.94162	167.5071	63.228558	342.012	201.46277	204.80447	63.952415	29.620174	85.03994	39.21288	49.63605	0.0	216.33414	116.5486	527.5166	106.43664	157.19247	253.46138	23.819744	294.91306	0.68894273	1.0770237	35.94089	122.469444	0.57415235	91.234276	351.2355	178.2071	1.2114615	93.49946	300.4713	157.63708	152.44447	496.08026	327.5405	506.2465	131.87282	166.99988	100.12308	256.5606	158.06232	180.55034	108.21094	389.39438	138.82338	146.83778	78.24683	30.485632	125.30272	177.90091	165.81357	186.29442	77.493256	477.90967	30.452978	96.22299	29.290138
G900129315	96.79892	53.66788	32.276157	57.47935	101.20777	62.0304	48.237625	43.95043	56.96101	70.32224	59.174316	213.2613	32.20645	36.132328	111.849625	45.33091	33.59079	94.746284	39.4143	107.433876	113.19175	66.0578	114.87989	128.50168	64.20391	57.63375	30.060045	55.847897	193.91891	49.53875	33.913097	62.989742	112.80427	169.71986	66.03722	121.04807	221.51167	216.33414	0.0	52.622456	148.92082	121.94343	105.84962	26.534437	148.57275	31.776592	215.76036	211.11804	125.84118	51.993164	215.4953	75.26574	50.82678	36.73833	208.54279	66.54841	43.242413	45.46131	62.477818	154.44008	42.829037	139.04646	46.974854	95.20147	105.044945	18.514635	53.146847	37.120033	56.9016	63.003353	46.6154	43.946285	66.67326	202.87816	61.399593	55.427723	47.41665	36.14337	98.71557	104.792915	203.11725	68.1992	156.00552
G900106985	36.669495	15.9684925	86.46017	28.721163	55.28739	19.713833	116.28177	48.775574	24.40165	152.46535	50.05391	113.116135	34.589657	24.682785	86.32972	11.746249	94.43473	36.90075	87.111374	127.95598	214.54169	21.81169	36.377594	57.498108	25.25193	24.110613	19.12504	25.8516	140.57263	121.54179	26.559654	40.557083	42.937664	77.45855	23.420834	46.54969	142.66179	116.5486	52.622456	0.0	267.9194	96.50201	86.8854	62.859768	72.19534	81.24239	116.79828	112.38342	57.17146	0.3894998	116.06924	29.371351	127.116905	23.618544	112.32871	11.829712	100.72069	30.635067	18.351217	233.08904	104.59237	232.14915	54.618095	46.29209	22.997911	54.80061	18.96164	35.11831	10.148946	144.34674	23.69989	40.082798	43.928345	123.05561	19.109991	59.82473	23.854004	64.09068	40.91189	206.1248	123.2982	13.797363	87.25226
G000013045	382.0255	292.20822	117.940895	281.8627	341.21902	292.0923	126.759705	261.35245	278.4179	102.79644	300.01807	519.2966	185.69473	208.49585	349.89392	253.99734	100.46492	371.64267	151.32259	259.69144	67.80116	312.12558	371.15622	416.5185	255.8204	283.12582	211.73917	281.73764	478.11398	136.82834	176.9838	199.96466	402.1686	455.44827	322.54828	413.85785	497.1758	527.5166	148.92082	267.9194	0.0	397.5684	263.4814	135.50287	449.32108	112.123	525.2102	517.78796	412.47128	263.8187	523.8112	322.6333	132.65268	213.18895	515.2831	294.04993	149.81235	242.54999	288.64908	49.1596	146.40428	54.527172	264.2521	308.51175	365.60214	142.91342	266.18378	213.86429	298.93707	117.526344	242.90167	226.02983	321.612	505.6956	302.4069	197.14865	236.05998	217.48616	356.91733	70.79837	506.05304	290.67392	455.53946
G001650905	68.843056	59.59417	213.54958	116.08025	68.47052	113.12698	201.78113	30.339634	108.42583	265.198	36.461285	111.10493	168.71536	126.467865	24.767565	114.24041	199.74423	83.962006	154.80228	139.1254	333.43402	78.23344	132.67828	47.38663	156.65115	111.098755	116.67031	109.7011	53.804688	201.72314	146.82413	194.29285	58.306786	110.26218	67.41765	72.48644	86.35792	106.43664	121.94343	96.50201	397.5684	0.0	120.33641	174.1139	50.363873	186.75253	105.66641	106.856544	44.27632	101.86581	105.45219	114.15018	210.0565	122.14356	99.87503	102.77619	170.04968	154.01006	117.819466	397.46747	176.67424	403.57806	30.293688	190.10022	120.56108	165.71632	133.83983	160.18451	79.51013	247.51955	115.22867	68.49407	64.90792	60.726868	88.822235	128.11012	141.80951	61.42484	52.121113	318.30264	60.71456	110.95964	49.824776
G000012585	133.14136	84.623085	142.35013	137.3189	78.131355	108.5602	135.2586	82.945656	97.49139	159.61769	95.51089	154.23413	124.278175	92.84216	86.34619	98.99756	123.19244	140.75671	86.31647	103.823944	202.79709	111.54102	122.32787	109.11469	113.38648	127.59711	99.10542	130.67899	126.52315	127.27949	96.208084	100.35143	117.54684	127.81994	100.78128	111.032364	113.36388	157.19247	105.84962	86.8854	263.4814	120.33641	0.0	99.11634	116.16752	111.233315	156.15842	152.32776	106.30944	89.06923	155.06496	120.865486	133.03682	92.11539	149.22894	98.217926	107.27597	127.39466	128.27954	228.02513	130.85587	266.85968	82.63625	156.4668	129.95445	128.23201	131.84181	127.812065	98.62987	163.92264	93.69345	53.013477	112.93329	133.819	115.47136	63.635006	112.71234	88.79058	81.10047	194.28714	134.06723	97.936005	118.42023
G000759025	126.49788	76.72088	25.403728	71.102936	129.24364	74.28814	53.512318	78.15518	77.556046	58.213306	93.46271	247.09679	28.791998	29.812683	142.71448	51.028065	18.293806	119.37155	44.568035	111.74558	100.36909	83.30465	117.10729	159.0708	58.509087	68.86895	36.49884	70.369545	238.1711	53.321056	35.711895	35.884983	140.3193	200.67511	86.82537	153.09207	246.37962	253.46138	26.534437	62.859768	135.50287	174.1139	99.11634	0.0	187.75066	18.107798	252.72496	246.18901	156.90492	60.664227	251.45638	94.4922	54.77927	31.505682	244.68903	78.77844	56.032207	56.578022	71.02323	118.49458	53.051807	113.93543	83.38323	89.90513	114.123116	27.225214	61.348774	47.3588	75.85767	68.01532	51.715378	47.41805	99.05086	242.57822	75.790985	45.145496	44.67454	65.4276	116.28331	93.699234	242.94844	78.86767	199.19682
G001464625	44.9684	50.149708	243.29662	113.11709	30.551376	68.36761	264.37836	76.80908	63.55811	319.81906	57.20245	25.544111	165.66759	124.32024	65.79472	83.14396	236.96698	62.656662	198.99702	146.29004	402.61932	65.43858	67.114914	13.626781	106.37939	102.37385	118.065796	104.81131	40.851265	259.23907	142.74551	158.94623	26.25651	29.256342	43.88535	17.966326	45.07301	23.819744	148.57275	72.19534	449.32108	50.363873	116.16752	187.75066	0.0	217.24263	23.282642	24.040329	13.379323	77.33515	23.124115	62.147106	267.72525	119.78761	21.032822	61.33934	222.00598	116.28251	98.32952	427.61996	239.75925	432.02423	73.89552	129.86505	66.41135	180.45714	107.02006	134.12935	57.729446	305.3223	96.74861	85.51588	43.80804	22.51978	72.40722	132.63904	115.53509	119.61833	33.55672	389.84412	22.503807	65.538605	8.450648
G000373105	150.46877	95.8101	24.238482	84.53815	154.99936	97.55771	51.332092	87.39916	101.159195	59.958694	112.5795	289.37067	39.53998	45.760674	148.59467	73.64033	4.551435	140.57983	51.82712	128.26855	80.63931	101.82627	143.36136	188.70374	75.35062	85.06604	47.300533	83.707466	263.06555	57.656372	39.115093	51.225372	168.21358	239.75175	111.4686	189.12628	278.3122	294.91306	31.776592	81.24239	112.123	186.75253	111.233315	18.107798	217.24263	0.0	294.1692	287.4477	186.02348	79.01636	293.11533	128.8776	58.4389	47.774223	284.7957	96.67754	58.52434	80.225365	89.832695	102.643585	54.51979	98.926865	94.12698	116.96613	143.89784	30.110859	76.19409	67.374275	99.73675	63.8285	80.71891	51.8751	123.07592	270.55734	95.1601	56.09066	58.214916	71.76005	134.54521	75.14582	270.95355	96.66117	227.41171
G900089545	91.059135	99.53863	312.37567	178.46625	45.247517	100.90666	352.0502	137.9079	93.71208	406.17255	107.61255	0.8423724	229.48105	183.13258	118.158165	129.8823	319.02008	113.86048	272.69254	190.2549	488.2191	118.652534	98.11722	34.31245	143.52002	164.9806	180.73709	168.5099	61.812317	341.33524	201.52837	204.53065	63.696938	29.49753	85.42178	39.559143	47.957687	0.68894273	215.76036	116.79828	525.2102	105.66641	156.15842	252.72496	23.282642	294.1692	0.0	1.0355381	35.50404	122.80924	0.47198468	91.46718	350.6242	178.14656	0.9626212	93.840965	299.65543	157.78104	153.12892	494.75903	326.72067	505.118	131.35977	168.28575	101.19641	255.66042	159.0017	180.5411	108.36071	388.47467	138.25658	145.95131	78.01529	29.842873	125.953514	175.97658	166.53612	185.58777	77.48305	476.57855	29.799017	96.6546	28.631351
G900089565	89.362816	97.04225	305.2302	173.60059	44.65571	96.0189	345.62448	135.75256	89.85763	398.8616	107.36135	0.79200566	223.1403	177.87712	117.47982	124.85961	312.22702	111.23392	267.3709	186.62405	480.57913	115.603836	93.36069	33.882145	137.83418	160.23756	175.89354	163.9168	64.62602	334.79797	195.75537	197.16916	62.72359	29.131004	82.371185	38.192715	49.58906	1.0770237	211.11804	112.38342	517.78796	106.856544	152.32776	246.18901	24.040329	287.4477	1.0355381	0.0	35.129505	118.14135	1.0403477	87.4481	344.0852	173.01866	1.5890702	89.516556	293.85693	151.87607	148.0006	486.4025	320.93326	497.14102	129.78418	161.45851	96.85492	249.91173	153.36163	174.385	104.77224	381.2645	134.49573	142.40584	76.46812	31.335352	122.41851	171.60976	160.67262	182.82014	75.41927	469.25797	31.309893	92.1343	30.063778
